uDB01119 0.0036895005 0.008607676 0.0118190115 0.018690651 0.0 0.0 0.0037953048 0.0 0.009669822 0.0 0.0008882673 0.0 0.0 0.0 0.013153144 0.0 0.00051699404 0.00792185 0.008239326 0.0037580656 0.0045330212 0.0 0.0043811784 0.0 0.0100052 0.0 0.0 0.0 0.01113325 0.0 7.972447e-05 0.0 0.0 0.0 0.0 0.002012075 0.0052298987 0.025244748 0.01642648 0.0 0.010787413 0.0010599062 0.0 0.0 0.006276304 0.0 0.009730953 0.0011464602 0.0 0.0073076133 0.00271982 0.006107729 0.0 0.0 0.0 0.0021376163 0.0 0.0016976716 0.011219444 0.005129866 0.0 0.010728237 0.0039698817 0.0
uDB00661 0.0053560045 0.016151557 0.023042964 0.019215751 0.0 0.0 0.0 0.0 0.002032231 0.0 0.0 0.0 0.0 0.0 0.019232083 0.0 0.011211235 0.009265536 0.011435525 0.0017051337 0.0034376201 0.0 0.008294045 0.0 0.010971582 0.0 0.006436539 0.0 0.011644088 0.0007258294 0.0 0.0 0.0010119448 0.0 0.0 0.0011792466 0.0029738022 0.037684448 0.024877142 0.007453154 0.014263804 0.0 0.0 0.0 0.012060358 0.0 0.019176848 0.007833119 0.0 0.02734189 0.0028494052 0.0066960547 0.0005879631 0.0 0.0 0.0034677018 0.0 0.0057426426 0.009447847 0.016487192 0.0 0.020185085 0.012274876 0.0
uDB00996 0.002901725 0.011781654 0.016666375 0.020521693 0.0 0.0 0.0 0.0 0.0087663075 0.0 0.0035076567 0.0 0.0 0.0 0.011547718 0.0 0.0020347487 0.0023682676 0.009203522 0.0048571946 0.004050785 0.0 0.0041171336 0.0 0.015144924 0.0 0.0027540023 0.0 0.009852585 0.0 0.0 0.0 0.0 0.0 0.0 0.0 0.0030273215 0.024037832 0.022655962 0.0038764146 0.008076943 0.0 0.0 0.0 0.009325822 0.0 0.014741946 0.0 0.0 0.011435301 0.003107624 0.005966044 0.0059604812 0.0 0.0 0.0034329477 0.0 0.0018558565 0.010446144 0.007934842 0.0 0.018762166 0.003931759 0.0
uDB01115 0.009159611 0.007325015 0.018850783 0.01714598 0.0 0.0 0.0 0.0 0.0072454247 0.0 0.0 0.0 0.0 0.0 0.016161963 0.0 0.0075751888 0.0064874054 0.007213662 0.0045964657 0.0028544078 0.0 0.005137332 0.0 0.008477213 0.0 0.00096120813 0.0 0.011568796 0.0 0.0 0.0 0.0055098142 0.00022520691 0.0 0.0 0.0015909298 0.019829823 0.017319055 0.0075305016 0.009077488 0.0 0.0 0.0 0.0146588115 0.002116333 0.013266149 1.3588451e-06 0.0 0.0170856 0.0038747597 0.00831765 0.0 0.0 0.0 0.0019295174 0.0 0.0046174657 0.004917169 0.010706307 0.0 0.012592243 0.0023939298 0.0
uDB00252 0.0050357096 0.006469479 0.007285812 0.015503477 0.0 0.0 0.0044153417 0.0 0.0049648853 0.0 0.0003397707 0.0 0.0 0.0 0.0055465987 0.0 0.0053802584 0.0077769714 0.0064096665 0.0 0.0028305624 0.0 0.0045314156 0.0 0.006890527 0.0 0.0 0.00054316537 0.008492456 0.0011407827 0.0 0.0 0.0 0.003186378 0.0 0.00061807875 0.0035912648 0.01989905 0.0146112265 0.0 0.008476148 0.0 0.0 0.0 0.0044142297 0.0 0.009950218 0.0 0.0 0.008422091 0.0038983214 0.0046702274 0.0 0.0 0.0 0.0048503047 0.0 0.0031141492 0.0062004193 0.006968651 0.0 0.007617563 0.0032974416 7.3411546e-05
uDB01159 0.0059367977 0.012317864 0.023338798 0.017380856 0.0 0.0 0.0018830991 0.0 0.005072763 0.0 0.0 0.0 0.0 0.0 0.01249869 0.0 0.0045696883 0.01656472 0.012621108 0.005058981 0.0064426335 0.0 0.015496751 0.0027282936 0.012708612 0.0 0.0 0.0 0.010406962 0.007962333 0.0 0.0 0.0022605332 0.0 0.0 0.008912094 0.0073813503 0.03644093 0.025855364 0.010319505 0.0044098515 0.0 0.0 0.0 0.0048356536 0.0032895391 0.019719427 0.0036153179 0.0 0.025725264 0.01188728 0.005419636 0.0 0.0 0.0011631518 0.0053246026 0.0 0.004483259 0.011176957 0.0085331295 0.0 0.017079161 0.01795131 0.0
uDB01100 0.003137261 0.004251347 0.01331915 0.014038644 0.0 0.0 0.0 0.0 0.005215666 0.0 0.0013679361 0.0 0.0 0.0 0.006472937 0.0 0.0052489843 0.00018325628 0.0059010526 0.0 0.001979308 0.0 0.0067031537 0.0 0.006111431 0.0 0.0063876826 0.0 0.004734471 4.385016e-06 0.0 0.0 0.0 0.0004518815 0.0 2.6607013e-06 0.0011515756 0.020678619 0.018842878 0.0021803156 0.006181038 0.0 0.0 0.0 0.008990432 0.0 0.011278157 0.0 0.0 0.00961179 0.0022308063 0.0033400408 0.0028248397 0.0 0.0 0.004485669 0.0 0.004051169 0.011634015 0.009142303 0.0 0.0124095 0.0034569418 0.0
uDB00401 0.0109570725 0.004497572 0.009371927 0.019514143 0.0 0.0 0.011112684 0.0 0.011195439 0.0 0.0 0.0 0.0 0.0 0.008717219 0.0 0.0040408294 0.010617087 0.0063777165 0.0060051098 0.0 0.0 0.010697616 0.0008810982 0.009335346 0.0 0.0065618157 0.0 0.008932687 0.0 0.0 0.0 0.0032505384 0.0 0.0 0.0029574998 0.0015075774 0.0144679975 0.016988762 0.0042020692 0.010055516 0.0 0.0 0.0 0.004472575 0.0 0.011487743 0.0 0.0004715073 0.01708438 0.008352414 0.010597846 0.0 0.0 0.0 0.011370279 0.0 0.0011897236 0.011901161 0.008812057 0.0 0.009635794 0.0016199308 0.0
uDB01054 0.0019391028 0.01138369 0.018921996 0.01960415 0.0 0.0 0.0 0.0 0.005571986 0.0 0.0011745773 0.0 0.0 0.0 0.00781888 0.0 0.005073194 0.0035122153 0.015742872 0.0006218626 0.008130152 0.0 0.012118934 0.0 0.011226972 0.0 0.0024307594 0.0 0.011279147 0.0021138065 0.0 0.0 0.0011234349 1.0200383e-05 0.0 0.005230706 0.0019290101 0.028602488 0.017307788 0.005119707 0.009362049 0.0 0.0 0.0 0.011658151 0.0 0.018614367 0.0 0.0 0.018429894 0.008293981 0.009659214 0.0 0.0 0.0 0.004829166 0.0 0.0030485026 0.015483748 0.007825829 0.0 0.012111658 0.004526814 0.0
uDB00568 0.004771976 0.0070254696 0.0127813015 0.018901765 0.0 0.0 0.002514305 0.0 0.006218231 0.0 0.0 0.0 0.0 0.0 0.010245297 0.0 0.0031106279 0.008830598 0.0081388 0.006032375 0.0033997803 0.0 0.0043979147 0.0 0.011206454 0.0 0.005226858 0.0 0.0068427953 0.0 0.0025831 0.0 0.0009990633 0.0 0.0 0.003597887 0.002279327 0.024783725 0.016055945 0.0 0.008851932 0.0 0.0 0.0 0.006134417 0.0 0.009928594 0.0 0.0 0.013154775 0.0032159258 0.005525931 0.0003637858 0.0 0.0 0.0046720235 0.0 0.0 0.013234274 0.008795209 0.0 0.011038585 0.0041691395 0.0
uDB01223 0.0044935746 0.011287879 0.015269561 0.018687975 0.0 0.0 0.0034763631 0.0 0.0063526244 0.0 0.0017993199 0.0 0.0 0.0 0.009879137 0.0 0.0028863184 0.0032898262 0.011862022 0.0066086636 0.0 0.0 0.011778014 0.0 0.008930336 0.0 0.00219263 0.001150762 0.0057926523 0.0 0.0 0.0 0.0 0.0 0.0 0.0034414474 0.0053091506 0.020413915 0.013273983 0.008867929 0.008098083 0.0 0.0 0.0 0.0066987528 0.0 0.014219188 0.0 0.0 0.015205535 0.0058585345 0.00833564 0.0036281361 0.0 0.0 0.004583204 0.0 0.0032832634 0.01109533 0.008483985 0.0 0.013277177 0.003314421 0.0
uDB01016 0.0057974746 0.009907857 0.0075936345 0.014355939 0.0 0.0 0.0024745578 0.0 0.0067283055 0.0 0.003717731 0.0 0.0 0.00074724405 0.011630974 0.0 0.0048507145 0.004141683 0.001955376 0.0024255614 0.002097971 0.0 0.006628342 0.0 0.007198626 0.0 0.00087452715 0.0 0.0082601085 0.0 0.0 0.0 0.004109231 0.0030828025 0.0 0.0006744644 0.0014472211 0.021787886 0.01595206 0.0012220177 0.0054376097 0.0 0.0 0.0 0.009469549 0.0 0.012597155 0.0 0.0 0.01238277 0.003607837 0.005172763 0.0 0.0 0.0 0.0032564285 0.0 0.0005579794 0.009752246 0.006965809 0.0 0.007905934 0.0032579177 0.0
uDB00866 0.0032480028 0.0060250876 0.012073964 0.015437399 0.0 0.0 0.0014940088 0.0 0.0050595053 0.0 0.00014147989 0.0 0.0 0.0 0.0063794693 0.0 0.0026607348 0.0035549072 0.009686278 0.0028499844 0.00199846 0.0 0.003930091 0.0 0.0083476445 0.0 0.0030112537 0.0 0.0039986446 0.0010591428 0.00021945196 0.0 0.0 0.0 0.00045485143 0.0030311511 0.0010233092 0.017295219 0.010390036 0.004434856 0.008208373 0.0017678145 0.0 0.0 0.0059682615 0.0 0.009419116 0.0 0.0 0.009854399 0.002104715 0.003438819 0.0010382901 0.0 0.0 0.004129803 0.0 0.0027086288 0.0071174814 0.005156604 0.0 0.009407109 0.007170258 0.0
uDB00588 0.010216158 0.011669316 0.014052778 0.02571074 0.0 0.0 0.002875711 0.0 0.007856786 0.0 0.0010966335 0.0 0.0 0.0 0.012682581 0.0 0.0020147467 0.011939235 0.006727974 0.0032046658 0.0066504427 0.0 0.0071766106 0.0 0.0047608484 0.0 0.0022956897 0.0 0.01502782 0.000731015 0.0 0.0 0.0037309225 0.0060538976 0.0 0.004258963 0.0058121085 0.03455936 0.024134133 9.466102e-05 0.0014811024 0.0 0.0 0.0 0.012198379 0.0021698158 0.018661305 0.0044945413 0.0 0.014463262 0.001239278 0.013014777 0.0 0.0 0.0 0.00025154976 0.0 0.0011090755 0.013555922 0.017248334 0.0 0.012964822 0.010905737 0.0
uDB00172 0.003123203 0.009151949 0.018336592 0.02611696 0.0 0.0 0.0013360179 0.0 0.008713711 0.0 0.0 0.0 0.0 0.0 0.017209262 0.0 0.0056350376 0.004298568 0.011063656 0.0013082422 0.0072068064 0.0 0.00381995 0.0 0.012664227 0.0 0.00280412 0.0 0.014961563 0.0031781136 0.0 0.0 0.006218385 0.00035284652 0.0 0.0035188757 0.0011791278 0.044301998 0.030202357 0.004289226 0.011725353 0.0 0.0 0.0 0.005291684 0.00026586239 0.017653063 0.0 0.0 0.019916473 0.0065713804 0.011659105 0.0 0.0 0.0 0.007887298 0.0 0.0084673725 0.012532603 0.015032025 0.0 0.016936539 0.006659075 0.0
uDB00907 0.0072827237 0.0054280497 0.02449587 0.020164592 0.0 0.0 3.1990756e-05 0.0 0.0078097167 0.0 0.0 0.0 0.0 0.0 0.014410794 0.0 0.006194169 0.006063835 0.012069523 0.002881045 0.005958032 0.0 0.010418746 0.0 0.012453642 0.0 0.0022780788 0.0 0.006678851 0.003205054 0.0 0.0 0.0011320603 0.0 0.0 0.0034232633 0.0 0.019839035 0.023178559 0.0069060978 0.012948904 0.0 0.0 0.0 0.013242434 0.0 0.012144993 0.0 0.0018316786 0.021977311 0.0066682203 0.007949584 0.0 0.0 0.0 0.011343682 0.0 0.0 0.012100631 0.009962826 0.0 0.021568304 0.0014160895 0.0
uDB00312 0.009437022 0.0021318675 0.012795315 0.017299682 0.0 0.0 0.0018682969 0.0 0.014232566 0.0 0.0 0.0 0.0 0.0 0.022218054 0.0 0.0 0.013594829 0.009531843 0.0066475593 0.004634666 0.0 0.007670129 0.0 0.0056824433 0.0 0.0024804263 0.0 0.007439935 0.0 0.0 0.0 0.005558614 1.5483078e-05 0.0 0.004951439 0.007244845 0.029945526 0.017607043 0.0040892377 0.009856156 0.00029460323 0.0 0.0 0.008745467 0.00411789 0.011585082 0.0018535764 0.0 0.019133324 0.0043841 0.008722403 0.0 0.0 0.0 0.0100878235 0.0 0.00085938413 0.011937091 0.015832901 0.0 0.011319529 0.0069441698 0.0
uDB00657 0.0076981205 0.0103403265 0.014609442 0.022030847 0.0 0.0 0.0041867374 0.0 0.006584262 0.0 0.0 0.0 0.0 0.0 0.015584138 0.0 0.0024344123 0.007553469 0.014250274 0.0021525894 0.0013318207 0.0 0.006986902 0.0 0.009385562 0.0 0.0058063306 0.0 0.011537391 0.00030454097 0.0 0.0 0.0022771806 0.0025497545 0.0 0.0004909764 0.003269852 0.01949781 0.016706575 0.0022092522 0.010884408 0.0 0.0 0.0 0.008975752 0.0 0.01242455 0.0 0.0 0.013501748 0.008136458 0.011976884 0.0 0.0 0.0 0.0055025537 0.0 0.0021896162 0.011046009 0.0076579526 0.0 0.0093496535 0.0015687365 0.0
uDB01233 0.002701308 0.0068967026 0.009383837 0.013449166 0.0 0.0 0.0025652407 0.0 0.0028453022 0.0 0.0 0.0 0.0 0.0 0.005729451 0.0 0.0053609726 0.0014094664 0.0059849564 0.0021113327 0.0001491845 0.0 0.005051155 0.000117332675 0.0049517136 0.0 0.0033430667 0.0 0.004345879 0.0 0.00096660084 0.0 0.00024110028 0.0 0.0 0.0044434695 0.0019558086 0.015974523 0.010000697 0.003135657 0.0043071466 0.0 0.0 0.0 0.008232851 0.0 0.008489427 0.0006546444 0.0 0.004854945 0.0011813615 0.004522733 0.0020538457 0.0 0.0 0.0024585193 0.0 0.002398167 0.0068621105 0.0040420787 0.0 0.008573955 0.002362215 0.0
uDB00674 0.0015003927 0.005626019 0.017162865 0.014225254 0.0 0.0 0.0 0.0 0.004998744 0.0 2.4787616e-05 0.0 0.0 0.0 0.014392086 0.0 0.003355045 0.009306472 0.007331686 0.0029810972 0.004323228 0.0 0.0068246904 0.0 0.009020622 0.0 7.701677e-05 0.0 0.005438443 0.0014043761 0.0 0.0 0.0011939562 0.0 0.00047973008 0.002940518 0.0030026345 0.026793756 0.018016256 0.006353207 0.0046248594 0.0 0.0 0.0 0.007901249 0.005317952 0.010782024 0.0023438788 0.0 0.013146107 0.004435892 0.006510378 0.0 0.0 0.0 0.0027769874 0.0 0.0016240221 0.012117526 0.007024138 0.0 0.013692493 0.0079839835 0.0025129365
uDB00318 0.006656073 0.009466617 0.012506086 0.017323261 0.0 0.0 0.0 0.0 0.004209316 0.0 0.0 0.0 0.0 0.0 0.012163819 0.0 0.005607741 0.0031359673 0.0024438235 0.0030583122 0.0 0.0 0.0 0.0 0.008208898 0.0 0.0066652545 0.0 0.0067780414 0.0 0.0 0.0 0.00027492453 0.0033225343 0.0 0.002470201 0.0031479558 0.023320153 0.018147592 0.004717673 0.006922428 0.0 0.0 0.0 0.007207004 0.0 0.009804799 0.0 0.0 0.0067901257 0.0011613438 0.007009674 0.0 0.0 0.0 0.005506675 0.0 0.0008522801 0.0060942 0.013366412 0.0 0.009789132 0.0 0.0
uDB01122 0.008428907 0.01043137 0.015612171 0.024214914 0.0 0.0 0.0043080244 0.0 0.00792317 0.0 0.0 0.0 0.0 0.0 0.011613523 0.0 0.0 0.0058233878 0.00480485 0.009779715 0.0 0.0 0.0040727113 0.0 0.0135930795 0.0 0.0048284708 0.0 0.0 0.0 0.0 0.0 0.0065532317 0.0 0.0 0.0008340386 0.00074598833 0.021213584 0.022556577 0.004200899 0.0036775633 0.0 0.0 0.0 0.009534118 0.0027788612 0.010577785 0.0 0.0 0.011374006 0.0035872946 0.007628485 0.002480906 0.0 0.0 0.00010327296 0.0 0.0006892884 0.009272803 0.00876255 0.0 0.020589804 0.005431824 0.0023431254
uDB12312 0.007508762 0.027207162 0.032824844 0.026138267 0.0 0.0 0.0 0.0 0.0054853153 0.0 0.0028061012 0.0 0.0 0.0 0.022774989 0.0 0.0025967143 0.0076907766 0.010208299 0.0 0.0033164334 0.0 0.0078088297 0.0 0.016365886 0.0 0.007536945 0.0 0.00247066 0.0038417275 0.0 0.0 0.0031083408 0.0 0.0 0.0 0.005515241 0.04060974 0.027641118 0.010410691 0.011396537 0.0 0.0 0.0 0.019875398 8.70839e-06 0.0136040235 0.0040087756 0.0 0.014351252 0.0065353606 0.009671201 0.0037721428 0.0 0.0 0.0019878359 0.0 0.0069021014 0.012188451 0.019799612 0.0 0.023765277 0.009790112 0.0011412292
uDB00411 0.0049955286 0.012383727 0.022136874 0.026427096 0.0 0.0 0.0 0.0 0.008443399 0.0 0.0 0.0 0.0 0.0 0.017359074 0.0 0.011464716 0.011836585 0.014680614 0.002839701 0.0052457186 0.0 0.011422387 0.0 0.016731143 0.0 0.0 0.0019568326 0.010558871 0.0046532485 0.0 0.0 0.0048715393 0.002594471 0.0 0.0038958262 0.0015735392 0.037517846 0.02562023 0.004138218 0.008560788 0.0 0.0 0.0 0.0075459 0.0024436517 0.016995735 0.004812468 0.0 0.023062645 0.009570719 0.015203989 0.0 0.0 0.0 0.009082604 0.0 0.0060789017 0.014213748 0.012390289 0.0 0.010816179 0.0077432008 0.0
uDB00565 0.0028077746 0.009689327 0.012713527 0.019031644 0.0 0.0 0.0 0.0 0.008529321 0.0 0.0051017143 0.00041293548 0.0 0.0 0.010186409 0.0 0.0 0.005606909 0.011023262 0.0042933384 0.0037787827 0.0 0.0070645753 0.0 0.010330721 0.0 0.00041806314 0.0 0.01048214 0.0022614677 0.0 0.0 0.0 0.0 0.0 0.0 0.0051632267 0.024872413 0.015487902 0.0 0.011028122 0.0 0.0 0.0 0.008589835 0.0 0.010930116 0.0 0.0 0.010876327 0.00419809 0.006397178 0.0019139391 0.0 0.0 0.0040900903 0.0 0.0038116933 0.010355556 0.006410494 0.0 0.013071102 0.0061764424 0.0
uDB01135 0.009733987 0.019034386 0.02322762 0.030650014 0.0 0.0 0.005426953 0.0 0.0071896235 0.0 0.0031955068 0.0 0.0 0.0 0.016423022 0.0 0.0054074754 0.0011165139 0.01383456 0.007977041 0.0037874493 0.0 0.012099003 0.0 0.013181096 0.0 0.0052267835 0.0025568008 0.0068657827 0.0 0.0 0.0 0.0 0.0 0.0 0.0014237926 0.007797094 0.026235005 0.019191222 0.008962233 0.017728854 0.0 0.0 0.0 0.01394424 0.0 0.016096333 0.0 0.0023457 0.018428693 0.0060477504 0.008971762 0.0012032804 0.0 0.0 0.010811549 0.0 0.0012056686 0.009445865 0.014771892 0.0 0.018829187 0.00038541242 0.0
uDB00416 0.004944479 0.0060817716 0.013105778 0.013592374 0.0 0.0 0.0046581416 0.0 0.0038494011 0.0 0.0 0.0 0.0 0.0 0.0058039855 0.0 0.0034454202 0.0034270885 0.00547587 0.0015242595 0.003330127 0.0 0.004281689 0.0 0.0071006604 0.0 0.0 0.0 0.003490848 3.7847436e-05 0.0 0.0 0.00038107738 0.0 0.0 0.0048439386 0.0 0.018012939 0.011874008 0.00578678 0.008837723 0.0 0.0 0.0 0.0074171633 0.00037253165 0.0103059625 0.0 0.0 0.008930878 0.0043219696 0.0056356285 0.00022892005 0.0 0.0 0.0037599863 0.0 0.00076080725 0.007229771 0.0057629594 0.0 0.009628855 0.0044183563 0.0
uDB00728 0.007545367 0.0053896173 0.0127084255 0.018603 0.0 0.0 0.0020805215 0.0 0.005360138 0.0 0.0 0.0 0.0 0.0 0.012154312 0.0 0.0 0.0036066081 0.008144186 0.00621956 0.0072009307 0.0 0.007638824 0.0 0.007823002 0.0 0.0022430494 0.0014508084 0.008023865 0.0 0.0 0.0 0.004113846 0.0011517036 0.0 0.00021638177 0.0007304939 0.018704461 0.012222405 0.0031332246 0.007759795 0.0 0.0 0.0 0.006406965 0.00034171628 0.011136052 0.00046033418 0.0 0.009395313 0.0037653148 0.0072245295 0.0 0.0 0.0 0.005440971 0.0 0.0028657 0.011178432 0.005364225 0.0 0.008699476 0.006414745 0.0
uDB00810 0.011039735 0.0144432625 0.016205898 0.023606177 0.0 0.0 6.7402725e-06 0.0 0.01097285 0.0 8.622953e-05 0.0 0.0 0.0 0.016457874 0.0 0.0 0.011338532 0.0121617615 0.0048041265 0.0026927595 0.0 0.013616877 0.0 0.013021277 0.0 0.006424075 0.0 0.0090083 0.0012620263 0.0 0.0 0.0 0.0 0.0 0.004530505 0.002763964 0.032257974 0.026494417 0.006836164 0.01318285 0.0 0.0 0.0 0.011477937 0.0005103518 0.015751889 0.0022523692 0.0 0.015690837 0.0042818175 0.0064434097 0.0 0.0 1.530887e-05 0.008708062 0.0 0.0070374203 0.015862828 0.0140467975 0.0 0.012597047 0.009099222 0.0
uDB00184 0.005414268 0.005108147 0.009035276 0.015751485 0.0 0.0 0.0003373833 0.0 0.0047933143 0.0 0.0 0.0 0.0 0.0 0.006381943 0.0 0.0031717205 0.0014703184 0.0071091903 0.0027420286 0.002471436 0.0 0.004177123 0.0 0.008425651 0.0 0.004563496 0.0 0.008374272 0.0 0.0011924519 0.0 0.0 0.0012338356 0.0 0.0019212473 0.0010314406 0.017772544 0.0124805905 0.0028188908 0.008282059 0.0 0.0 0.0 0.009467376 0.0 0.0075869346 0.0 0.0 0.00838664 0.0033923178 0.0062178206 0.0002918863 0.0 0.0 0.002533602 0.0 0.0020853535 0.009524204 0.008260046 0.0 0.012148028 0.0026491089 0.00038005604
uDB00514 0.009757582 0.013035463 0.018588418 0.027502395 0.0 0.0 0.0072778193 0.0 0.0097929565 0.0 0.0 0.0 0.0 0.0 0.015664732 0.0 0.0 0.009193832 0.014817979 0.0071961186 0.0040077255 0.0 0.010072622 0.0 0.012418454 0.0 0.0073547326 0.0 0.008010275 0.0 0.0 0.0 0.003222288 0.0033292908 0.0 0.00212927 0.002796619 0.025241295 0.018853724 0.003471254 0.009186588 0.0 0.0 0.0 0.006350432 0.0 0.014257967 0.0 0.0 0.020126779 0.006288014 0.014307699 0.0 0.0 0.0 0.008228529 0.0 0.0025432038 0.013965344 0.008075504 0.0 0.012950319 0.0068571446 0.0
uDB00357 0.0047510145 0.008916777 0.012137583 0.01576156 0.0 0.0 0.002277057 0.0 0.005902548 0.0 0.0020524485 0.0 0.0 0.0 0.014010725 0.0 0.005736144 0.0025999963 0.005219576 0.0076034334 0.0048344512 0.0 0.007864759 0.0 0.012812469 0.0 0.0 0.0 0.002817077 0.0 0.0 0.0 0.0 0.00086908095 0.0 0.0023260503 0.0043014046 0.02946468 0.019188568 0.0037627355 0.008212116 0.0 0.0 0.0 0.011892956 0.0 0.009884418 0.0 0.00025195754 0.012399948 0.0039211675 0.0046452577 0.0038669747 0.0 0.0 0.0034500253 0.0 0.0 0.017329428 0.010570231 0.0 0.010886596 0.009299997 0.0
uDB01217 0.013643393 0.011950497 0.02373653 0.035953205 0.0 0.0 0.0 0.0 0.006959471 0.0 0.0022308559 0.0 0.0 0.0 0.006131281 0.0 0.007529404 0.00512097 0.0110050775 0.008431724 0.0 0.0 0.011702232 0.0 0.0075455653 0.0 0.004463263 0.0 0.010602053 0.0 0.0 0.0 0.0 0.0078856135 0.0 0.007536602 0.0062853443 0.03627092 0.024267372 0.006960449 0.013524695 0.0 0.0 0.0 0.01442158 0.0 0.021999784 0.0 0.0 0.01932754 0.014514713 0.012844831 0.0 0.0 0.0 0.006208697 0.0 0.0014942132 0.019649437 0.010770839 0.0 0.021943072 0.0 0.0
uDB00990 0.0063901227 0.00849494 0.014993209 0.018524677 0.0 0.0 0.0028965618 0.0 0.0015655254 0.0 0.0009070893 0.0 0.0 0.0 0.012205989 0.0 0.00762879 0.00430744 0.01264043 0.003308118 0.0065435437 0.0 0.011050304 0.0 0.011797512 0.0 0.004298968 0.0 0.0088199405 0.0 0.0 0.0 0.00064810965 0.0 0.0 0.0050067473 0.0042779977 0.022015441 0.01624067 0.0055326475 0.008807581 0.0 0.0 0.0 0.008777018 0.0 0.01454825 0.0062259925 0.0 0.015214193 0.0077224714 0.013534025 0.0 0.0 0.0011122569 0.0089941565 0.0 0.0 0.008655241 0.011220041 0.0 0.015835075 0.00433006 0.0
uDB01006 0.010055697 0.007882244 0.018949127 0.021337816 0.0 6.612735e-05 0.0026980375 0.0 0.0055248174 0.0 0.0020922485 0.0 0.0 0.0 0.012731833 0.0 0.00010759817 0.00023808272 0.010194363 0.0029898698 0.0073017078 0.0 0.0077879764 0.0 0.007828304 0.0 0.006041199 0.0 0.009224739 0.0030442565 0.0 0.0 0.0023152349 0.00032436202 0.0 0.0047625937 0.0011705057 0.0208928 0.019034928 0.015114607 0.0064014043 0.0 0.0 0.0 0.012265697 0.0 0.015108112 0.0 0.0 0.014145451 0.0041043744 0.007432671 0.003957398 0.0 0.0 0.0037190546 0.0 0.005717407 0.012108561 0.013055816 0.0 0.019155672 0.0057900306 0.0
uDB00949 0.0073212245 0.010466736 0.01389722 0.017003952 0.0 0.0 0.004947191 0.0 0.004829163 0.0 0.0 0.0 0.0 0.0 0.0137152225 0.0 0.0061669084 0.005921479 0.005890558 0.005603079 0.009072413 0.0 0.0052765324 0.0 0.011295652 0.0 0.0031763543 0.0 0.009660269 0.0003946306 0.0 0.0 0.00016008872 0.0038671102 0.0 0.0045510503 0.0032578658 0.032674346 0.02593197 0.0045177103 0.005700884 0.0 0.0 0.0 0.008230228 0.0026356801 0.016759938 0.0 0.0 0.01585505 0.00031515176 0.006604558 0.0 0.0 0.0 0.004838092 0.0 0.00077990565 0.014763571 0.012808919 0.0 0.010663877 0.0056548337 0.0
uDB00142 0.006282963 0.0068117427 0.013819893 0.018866021 0.0 0.0 0.008842243 0.0 0.0033383644 0.0 0.00077158585 0.0 0.0 0.0 0.009179691 0.0 0.0042792563 0.0023758735 0.010866659 0.0 0.005782041 0.0 0.004444514 0.0 0.0046547786 0.0 0.0 0.0017285559 0.010126283 0.0017876754 0.0 0.0 0.0007742005 0.0022479626 0.0 0.004570718 0.0015014232 0.024435379 0.018448893 0.0033725416 0.006800087 0.0 0.0 0.0 0.0054758782 0.0 0.012428118 0.0010699467 0.0 0.00829652 0.0031129797 0.009441488 0.0 0.0 0.0 0.0069480236 0.0 0.0006663218 0.008917769 0.008588486 0.0 0.00800174 0.0022278186 0.0
uDB00740 0.0062312614 0.013101428 0.015675832 0.019495385 0.0 0.0 0.0023887337 0.0 0.0021708505 0.0 0.0011307278 0.0 0.0 0.0 0.012139179 0.0 0.0049708392 0.006274142 0.009323413 0.004545303 0.0 0.0 0.008483277 0.0 0.009204345 0.0 0.0055223815 0.0 0.005606435 0.0 0.0 0.0 0.0064642867 0.0 0.0 0.007599797 0.0029521591 0.024801696 0.020703875 0.007484067 0.012619708 0.0016954768 0.0 0.0 0.008603583 0.0 0.012504561 0.0 0.0 0.02011955 0.0011146743 0.0059937444 0.0 0.0 0.0 0.0061667445 0.0 0.0034335654 0.0032177947 0.008635519 0.0 0.016011901 0.00017525436 0.0
uDB00392 0.003846735 0.009911291 0.010870242 0.01573851 0.0 0.0 0.00096401403 0.0 0.003388449 0.0 0.0 0.0 0.0 0.0 0.00914306 0.0 0.0023449443 0.0018431651 0.0071693365 0.0030812817 0.0 0.0 0.0041821916 0.0 0.009593709 0.0 0.0036432352 0.0 0.003283455 0.0 0.0 0.0 0.0009313272 0.0 0.0 0.0014286926 0.0026973377 0.016572393 0.013698229 0.0041705463 0.008485285 0.0 0.0 0.0 0.006550307 0.0 0.008694531 0.0 4.0516577e-05 0.007700833 0.0025469444 0.0056786863 0.00071415637 0.0 0.0 0.0037799352 0.0 0.0040152343 0.005211666 0.0021941857 0.0 0.008908046 0.0041184174 0.0
uDB00502 0.008802204 0.01467779 0.025410948 0.020718299 0.0 0.0 0.0 0.0 0.007399286 0.0 0.0 0.0 0.0 0.0 0.01350117 0.0 0.0037502071 0.008670276 0.006338344 0.0068624667 0.002947351 0.0 0.01737244 0.00017293543 0.0131048765 0.0 0.0037802402 0.0 0.0021242243 0.00013586076 0.0 0.0 0.0012272322 0.0 0.0 0.006305091 0.0068034986 0.02917028 0.020974707 0.004334055 0.0033646752 0.0 0.0 0.0 0.010937167 0.0004571663 0.013998844 0.0 0.0 0.016156957 0.0033248356 0.0067732763 5.2978783e-05 0.0 0.0 0.0042210505 0.0 0.0051881936 0.011577927 0.0027638546 0.0 0.020194832 0.009822001 0.0
uDB01046 0.009615694 0.0078021977 0.012643416 0.02406875 0.0 0.0 0.00074208743 0.0 0.0077826185 9.971599e-06 0.0 0.0 0.0 0.0 0.011640132 0.0 0.0063621546 0.0 0.012000801 0.0010975853 0.006909315 0.0 0.0045186915 0.00092135137 0.012750203 0.0 0.004197846 0.0 0.00911981 0.0 0.0 0.0 0.0 0.0 0.0 0.0072503784 0.003839203 0.025156796 0.018402155 0.0031104116 0.012402895 0.0 0.0 0.0 0.0111125065 0.0 0.013958272 0.0029152487 0.0 0.019125901 0.0010157371 0.006717501 0.0012561441 0.0 0.0 0.0045364196 0.0 0.0022073423 0.0133135095 0.004982853 0.0 0.011930959 0.0049626646 0.0
uDB00988 0.0026314524 0.00870046 0.01643894 0.0139150405 0.0 0.0 0.0035849388 0.0 0.005221594 0.0 0.00026039546 0.0 0.0 0.0 0.01193141 0.0 0.0 0.012161134 0.0066241287 0.0063151033 0.0 0.0 0.0061408393 0.0 0.0064496803 0.0 0.004880757 0.0 0.0035460722 0.0 0.0 0.0 0.0012404327 0.0 0.0 0.0007854091 0.0048335483 0.025450084 0.018442003 0.0041943206 0.00844134 0.0 0.0 0.0 0.0030635684 0.0 0.011458098 0.0 0.0 0.0122154225 0.002265344 0.004450148 0.0008314602 0.0 0.0 0.0055122324 0.0 0.0020548229 0.008052107 0.007699611 0.0 0.011717992 0.0009869863 0.00018738983
uDB00904 0.0067693545 0.008107003 0.010884596 0.020480657 0.0 0.0 0.0 0.0 0.0025083316 0.0 0.0 0.0 0.0 0.0 0.009015905 0.0 0.008111475 0.002702264 0.004352999 0.003542083 0.0 0.0 0.00087954814 0.0 0.00963763 0.0 0.0062879017 0.0 0.008740065 0.0 0.0015741279 0.0 0.0006203977 0.0042820727 0.0 0.001838822 0.0024216229 0.02414607 0.016374433 0.002194418 0.008803199 0.0 0.0 0.0 0.006473833 0.0 0.008910578 0.0 0.0 0.00748507 0.002790708 0.00930389 0.00043348785 0.0 0.0 0.005526382 0.0 0.0017645112 0.0056945323 0.012915559 0.0 0.008777251 0.0 0.0
uDB00201 0.004973327 0.010614355 0.013368323 0.0174206 0.0 0.0 0.0004842878 0.0 0.0055417814 0.0 0.0 0.0 0.0 0.0 0.009330362 0.0 0.0048830626 0.0047605825 0.004669354 0.0035175066 0.0036311129 0.0 0.005463696 0.0 0.008794682 0.0 0.0 0.0 0.002944267 0.0 0.0 0.0 0.00097533216 0.0 0.0 0.001478756 0.00044970665 0.017553816 0.017199118 0.005912769 0.0063683754 0.0 0.0 0.0 0.006697091 0.0 0.009165496 0.0 0.0 0.009831766 0.0029817866 0.0045109317 0.0015715912 0.0 0.0 0.0031794594 0.0 0.0036127814 0.011741579 0.00725787 0.0 0.011199671 0.0059155473 0.0
uDB00404 0.004288368 0.011886962 0.016144624 0.019500047 0.0 0.0 0.0 0.0 0.0022423037 0.0 0.00038886908 0.0 0.0 0.0 0.011982844 0.0 0.0019842696 0.0051695104 0.009807203 0.0023020834 0.0022171997 0.0 0.0043854825 0.0 0.007838044 0.0 0.0018954499 0.0 0.011702286 0.0042763297 0.0 0.0 0.0 0.0 0.0 0.0 0.0 0.027470782 0.022114586 0.005462691 0.009192676 0.0002583494 0.0 0.0 0.0057362146 0.0 0.011477514 0.0 0.0 0.009569442 0.009419221 0.009398554 0.0 0.0 0.0 0.0054653147 0.0 0.0077123917 0.0072963065 0.010777183 0.0 0.012918649 0.001295309 0.0
uDB00829 0.013423459 0.012024305 0.018478964 0.026707422 0.0 0.0 0.0018957213 0.0 0.01084726 0.0 0.0 0.0 0.0 0.0 0.018103614 0.0 0.004516623 0.017193068 0.009308359 0.008893545 0.0061177844 0.0 0.0050103026 0.0 0.010823659 0.0 0.0 0.0 0.005575024 0.0 0.0 0.0 0.0043506534 0.0 0.0 0.009450294 0.0032453702 0.030698394 0.02132288 0.005326781 0.009935317 0.0 0.0 0.0 0.006339025 0.00490527 0.0156005975 0.0 0.00093838933 0.023249952 0.004876659 0.005800585 0.0 0.0 0.0 0.0044191494 0.0 0.0 0.014792578 0.009867905 0.0 0.017104376 0.015411005 0.0
uDB00690 0.0075798966 0.014071228 0.017827652 0.024180764 0.0 0.0 0.005706545 0.0 0.00706547 0.0 0.0 0.0 0.0 0.0 0.01260132 0.0 0.0 0.007972001 0.010441609 0.0062657194 0.0 0.0 0.0077086044 0.0 0.008882786 0.0 0.0044945832 0.0 0.007517456 0.00010311545 0.0 0.0 0.0041230763 0.0016643141 0.00021352225 0.00048297612 0.002318627 0.022628209 0.017259872 0.0050718808 0.007311734 0.0 0.0 0.0 0.005586771 0.0 0.013463658 0.0 0.0 0.01738633 0.0064474256 0.0111324 0.0 0.0 0.0 0.004132977 0.0 0.0039255978 0.012421524 0.008714512 0.0 0.01285806 0.0073683006 0.0
uDB00695 0.0050998777 0.010930429 0.015692454 0.017538875 0.0 0.0 0.005247135 0.0 0.0010431976 0.0 0.0 0.0 0.0 0.0 0.008005717 0.0 0.0018324932 0.00070314365 0.006669433 0.0056134113 0.0 0.0 0.0045124525 0.0 0.009669576 0.0 0.009039447 0.0 0.00971443 0.0024707033 0.0 0.0 0.0053020553 0.0 0.0 0.0016284509 0.0 0.02726891 0.021411173 0.008543551 0.00509839 0.0 0.0 0.0 0.009517362 0.0 0.011792596 0.0 0.0 0.0130047705 0.002203359 0.01535849 0.0 0.0 0.0 0.0013527409 0.0 0.0036852795 0.005257742 0.01383416 0.0 0.013633968 0.001355479 0.0
uDB00801 0.0074397055 0.010012677 0.011497226 0.015542583 0.0 0.0 0.0035631224 0.0 0.005744456 0.0 0.0 0.0 0.0 0.0 0.009025037 0.0 0.0055541596 0.0049924087 0.003619817 0.003954701 0.0 0.0 0.0011710051 0.0 0.006056687 0.0 0.004578948 0.0 0.0052484632 0.0 5.9919665e-05 0.0 0.00089259393 0.0 0.0 0.0033317578 0.0013793436 0.017955136 0.013070176 0.0047490583 0.0066586314 0.0 0.0 0.0 0.008981065 0.0 0.012722329 0.0014791746 0.0 0.009512268 0.0026515853 0.0054721995 0.00058192067 0.0 0.0 0.002579223 0.0 0.0 0.007407324 0.009366874 0.0 0.0076660644 0.0031354688 0.0
uDB00842 0.002963658 0.008697638 0.014252663 0.021095349 0.0 0.0 0.0014721248 0.0 0.00692156 0.0 0.0015806814 0.0 0.0 0.0 0.014395296 0.0 0.003013728 0.002660732 0.007877263 0.004929904 0.0040276158 0.0 0.005171649 0.0 0.0128496885 0.0 0.0029584249 0.0006099024 0.0042211427 0.0 0.0 0.0 0.004491092 0.0 0.0 0.0018461772 0.0 0.023513066 0.019218756 0.0074340585 0.0071327463 0.000113017464 0.0 0.0 0.012380991 0.0 0.0132832425 0.0002922286 0.0 0.012807231 0.008424152 0.006141996 0.0011343644 0.0 0.0 0.007586039 0.0 0.0047588 0.011526138 0.011212628 0.0 0.013855401 0.008671244 0.0
uDB00794 0.0067690015 0.0052749 0.009902407 0.022262603 0.0 0.0 0.004595287 0.0 0.008404775 0.0 0.0 0.0 0.0 0.0 0.008980091 0.0 0.003398095 0.0053059286 0.012130424 0.0064318506 0.0007302951 0.0 0.010645356 0.0 0.016630888 0.0 0.0051092636 0.0024793039 0.0061297887 0.0031315484 0.0020360835 0.0 0.00030832549 0.0010495883 0.0 0.006812623 0.0 0.022812849 0.016170563 0.0034180833 0.014554388 0.0 0.0 0.0 0.009793574 0.0 0.010047282 0.0 0.0 0.012346223 0.0009285818 0.0075601405 0.0 0.0 0.00077860313 0.010289673 0.0 0.00044122414 0.010017153 0.006908883 0.0 0.01209838 0.0050450233 0.0015704388
uDB00962 0.009478062 0.012916512 0.0166619 0.026942676 0.0 0.0 0.0 0.0 0.009153586 0.0 0.0 0.0 0.0 0.0 0.008965408 0.0 0.003195102 0.0045514754 0.012623806 0.00074371474 0.004518791 0.0 0.0077149365 0.0 0.005599186 0.0 0.0043335184 0.0012697288 0.0113331415 0.0 0.0 0.0 0.00049406657 0.0015979285 0.0 0.0037001148 0.0034468004 0.022968696 0.018536352 0.0039910306 0.009441673 0.0 0.0 0.0 0.009301146 0.0 0.018477626 0.0 0.0 0.015924858 0.0030130947 0.006870462 0.0 0.0 0.0 0.0027220878 0.0 0.0076459055 0.012035033 0.008126778 0.0 0.015535422 0.0030311574 0.0
uDB00273 0.004466518 0.012818631 0.017744582 0.021103192 0.0 0.0 0.0 0.0 0.009847715 0.0 0.0032178028 0.0 0.0 0.0 0.01648997 0.0 0.0 0.012752967 0.009460362 0.0032223288 0.00239427 0.0 0.016446177 0.0 0.008840555 0.0 0.0043909447 0.0 0.010275111 0.010351487 0.0 0.0 0.0011635674 0.0 0.0 0.0 0.0026679856 0.027688885 0.02510767 0.0057391124 0.006277729 0.0 0.0 0.0 0.007939688 0.00053263275 0.017823666 0.0018818174 0.0 0.013683665 0.0035367399 0.010529041 0.0 0.0 0.0013683501 0.003983407 0.0 0.0025590986 0.008640919 0.010113865 0.0 0.015551475 0.005000273 0.0008513503
uDB00228 0.0039364034 0.008641559 0.017329415 0.0193574 0.0 0.0 0.0024425862 0.0 0.005659737 0.0 0.0031109967 0.0 0.0 0.0 0.01746131 0.0 0.0 0.007597212 0.0076042246 0.0 0.0015746659 0.0 0.007921774 0.0 0.011718663 0.0 0.0046627587 0.0 0.008117876 0.0045076744 0.000660175 0.0 0.0 0.0020938271 0.0 0.0027166484 0.004636294 0.030204816 0.017020395 0.007544492 0.011026588 4.35252e-05 0.0 0.0 0.005645908 0.0 0.013565373 0.0020963436 0.0 0.014039774 0.008196649 0.008942831 0.0 0.0 0.0 0.006400284 0.0 0.003932522 0.011406852 0.010910541 0.0 0.011575468 0.0059856283 0.0
uDB01028 0.0035998758 0.011215497 0.021555042 0.019972604 0.0 0.0 0.0021995606 0.0 0.008008569 0.0 0.00078801997 0.0 0.0 0.0 0.011295102 0.0 0.002563577 0.007405195 0.008527358 0.0021212474 0.0026236374 0.0 0.006389575 0.0 0.008923873 0.0 0.00020440656 0.0 0.005492545 0.0 0.0 0.0 0.004156812 0.0 0.0 0.0004141756 0.0018514459 0.024248457 0.017670386 0.00705061 0.007926902 0.0 0.0 0.0 0.0066567413 0.0006183638 0.014943098 0.00019339942 0.0 0.012623257 0.0029826798 0.006460226 0.0 0.0 0.0 0.0033338107 0.0 0.0012457629 0.007340897 0.0070364247 0.0 0.015863279 0.010710517 0.0005006778
uDB00753 0.005886078 0.0052205995 0.008727747 0.013659787 0.0 0.0 3.784598e-05 0.0 0.00448504 0.0 0.0 0.0 0.0 0.0 0.007825601 0.0 0.0022284614 0.0018564893 0.00812289 0.0037011073 0.0020234385 0.0 0.004142117 0.0 0.0065084947 0.0 0.0037829094 0.0 0.007971699 0.0 0.0 0.0 0.0 0.00034339988 0.0 0.0009644091 0.0014620096 0.015342588 0.012189922 0.001539334 0.007587987 0.0 0.0 0.0 0.006946498 0.0 0.005751848 0.0 0.0 0.006669358 0.0030745263 0.005184695 0.0 0.0 0.0 0.0051227626 0.0 0.0016292823 0.005419322 0.007666231 0.0 0.009599596 0.00042862323 0.0
uDB01189 0.0026475745 0.00706047 0.010602352 0.012470357 0.0 0.0 0.0005345281 0.0 0.0035935175 0.0 0.0 0.0 0.0 0.0 0.0055030226 0.0 0.0019633628 0.0013297428 0.0065144193 0.002319425 0.0012773335 0.0 0.0008820193 0.0 0.005348039 0.0 0.0028123567 0.0 0.0024824901 0.00034220412 0.0008071298 0.0 0.0 0.0 0.0 0.0 0.0029546304 0.018749272 0.009299957 0.0027631307 0.0067608193 0.0 0.0 0.0 0.0065446477 0.0 0.006983919 0.0 0.0 0.0054557365 0.006298212 0.0033363085 0.0016722097 0.0 0.0 0.0010211342 0.0 0.0047943774 0.006795705 0.007242175 0.0 0.009140332 0.0056706388 0.0002550439
uDB01236 0.011780157 0.01909022 0.021943396 0.024398617 0.0 0.0 0.0 0.0 0.0050628693 0.0 0.0039884057 0.0 0.0 0.0 0.016800413 0.0 0.0018232806 0.004651869 0.017033426 0.008411191 0.0 0.0 0.0121733025 0.0 0.009865938 0.0 0.013514947 0.0017008171 0.0073802173 0.0022228765 0.0 0.0 0.00013745013 0.0 0.0 0.0067417324 0.0028912376 0.027491089 0.027634077 0.0077899094 0.014168232 0.0 0.0 0.0 0.003450627 0.0 0.018003661 0.0 0.0 0.023666179 0.0054429583 0.014800845 0.0 0.0 0.0 0.017336959 0.0 0.0017528243 0.011697646 0.0119203245 0.0 0.019909916 0.0 0.0
uDB00292 0.008524958 0.010145759 0.014113974 0.018407116 0.0 0.0 0.0 0.0 0.005054868 0.0 0.0016603064 0.0 0.0 0.0025531077 0.017924396 0.0 0.0053476947 0.0039790794 0.0070940256 0.007077335 0.006609041 0.0 0.005749105 0.0 0.009805363 0.0 0.0016670368 0.0 0.0005371893 0.0 0.0 0.0 0.0003028372 0.0050622826 0.0 0.007036567 0.0045387377 0.026625374 0.016502347 0.0105097685 0.0070964415 0.0 0.0 0.0 0.01495725 0.0 0.011707795 0.00062043784 0.0 0.018588291 0.0043839677 0.0038428027 0.0 0.0 0.0 0.0024917885 0.0 0.000619778 0.012729371 0.00798506 0.0 0.011012677 0.007180936 0.00014172732
uDB00818 0.009651078 0.0075409417 0.013071837 0.023422081 0.0 0.0 0.0 0.0 0.0015488699 0.0 0.0 0.0 0.0 0.0 0.011173851 0.0 0.009077645 0.0075822403 0.005340109 0.0075523346 0.0 0.0 0.00619922 0.0 0.01090471 0.0 0.008431177 0.0 0.011166738 0.0 0.0 0.0 0.00066749234 0.00048836047 0.0 0.0 0.002929882 0.026965026 0.020385597 0.005252389 0.0115563655 0.0 0.0 0.0 0.01569906 0.0 0.014482497 0.0 0.0 0.019985529 0.007624137 0.009870291 0.0 0.0 0.0 0.0010434357 0.0 0.0021261757 0.007063906 0.011934886 0.0 0.015701842 0.003781782 0.0
uDB00683 0.0067693545 0.008107003 0.010884596 0.020480657 0.0 0.0 0.0 0.0 0.0025083316 0.0 0.0 0.0 0.0 0.0 0.009015905 0.0 0.008111475 0.002702264 0.004352999 0.003542083 0.0 0.0 0.00087954814 0.0 0.00963763 0.0 0.0062879017 0.0 0.008740065 0.0 0.0015741279 0.0 0.0006203977 0.0042820727 0.0 0.001838822 0.0024216229 0.02414607 0.016374433 0.002194418 0.008803199 0.0 0.0 0.0 0.006473833 0.0 0.008910578 0.0 0.0 0.00748507 0.002790708 0.00930389 0.00043348785 0.0 0.0 0.005526382 0.0 0.0017645112 0.0056945323 0.012915559 0.0 0.008777251 0.0 0.0
uDB00628 0.0054190615 0.002350325 0.010650205 0.013118828 0.0 0.0 2.8560928e-05 0.0 0.004611616 0.0 0.00070546265 0.0 0.0 0.0 0.0059234295 0.0 0.001761506 0.0085404515 0.0047556595 0.00158015 0.0032938058 0.0 0.0044575394 0.0 0.008792777 0.0 0.0011039708 0.0 0.005499809 0.00037714222 0.0 0.0 0.0 0.0 0.0 0.0030698422 0.0013378843 0.018693749 0.014422254 0.0006167805 0.0068634497 0.00075818965 0.0 0.0 0.0064577325 5.448819e-07 0.009782156 0.0 0.0 0.007856109 0.004291858 0.003978567 0.0 0.0 0.0 0.003905966 0.0 0.00073417224 0.007819109 0.005407884 0.0 0.009169383 0.0026564687 0.0
uDB01205 0.0034258284 0.0032022505 0.008042408 0.012102339 0.0 0.0 0.0008237472 0.0 0.0019142184 0.0 0.0010070351 0.0 0.0 0.0 0.0064349235 0.0 0.00224694 0.0051671085 0.006408101 0.0019098382 0.0041878694 0.0 0.0029479424 0.000613485 0.0055634687 0.0 6.023154e-05 0.0 0.004127223 0.00023097952 0.00083508366 0.0 0.0005481075 0.00014505601 0.0 0.0019056284 0.0011523472 0.017103424 0.010750477 0.0011374529 0.005998511 0.0 0.0 0.0 0.005788389 0.0 0.007949179 0.0 0.0 0.004102894 0.004975413 0.0028073322 0.0 0.0007369554 0.0 0.003533748 0.0 0.0018539887 0.007057002 0.006333938 0.0 0.0076982626 0.0034417976 0.00055956474
uDB00189 0.004505233 0.010830614 0.014080946 0.0175261 0.0 0.0 0.0016576343 0.0 0.0051053693 0.0 0.0019925542 0.0 0.0 0.0 0.010725879 0.0 0.004198069 0.0050453898 0.009768678 0.0047521847 0.0035494491 0.0 0.0021924975 0.0 0.010768651 0.0 0.0047444683 0.0 0.006051697 0.0017395442 0.001299975 0.0 0.0 9.967087e-06 0.0 0.0011449041 0.0035565107 0.026393205 0.015043669 0.0017398517 0.012460857 0.0 0.0 0.0 0.005359402 0.0008176524 0.011436163 0.0 0.0 0.010256623 0.0040830616 0.0058372887 0.0 0.0 0.0 0.0046428335 0.0 0.0022299006 0.008806997 0.008779989 0.0 0.009141065 0.003312793 0.0
uDB01355 0.0029607734 0.014533482 0.018308628 0.021211362 0.0 0.0 0.0030500742 0.0 0.0022216095 0.0 0.0 0.0 0.0 0.0 0.012969091 0.0 0.0015064782 0.0032348773 0.010063143 0.0075350218 0.0 0.0 0.005015532 0.0 0.008551614 0.0 0.00830972 0.0 0.00719036 0.0 0.0 0.0 0.0033703786 0.0 0.0 0.0021044598 0.0 0.022637786 0.020134706 0.007835697 0.010232284 0.0 0.0 0.0 0.010341027 0.0 0.012356875 0.0 6.065864e-05 0.011513442 0.0012626819 0.01039648 0.0030590463 0.0 0.0 0.004645461 0.0 0.0023556242 0.0039062183 0.010776486 0.0 0.014913614 0.0020618765 0.0
uDB00349 0.0064433515 0.008550058 0.009994083 0.01419915 0.0 0.0 0.0021714182 0.0 0.002709167 0.0 0.0 0.0 0.0 0.0 0.009991917 0.0 0.0047680098 0.0015390059 0.009350318 0.0041404087 0.0020183278 0.0 0.0006821925 0.0 0.007182833 0.0 0.004463236 0.0 0.007151105 0.0 0.0 0.0 0.0012976229 0.002427266 0.0 0.002329742 0.0038098933 0.019690173 0.013112025 0.0004441333 0.004854789 0.0 0.0 0.0 0.006068587 0.0 0.009996249 0.0 0.0 0.01054105 0.0018546432 0.0063433372 0.0011062282 0.0 0.0 0.0029953397 0.0 0.0 0.0076475693 0.008957988 0.0 0.008839968 0.0043178922 0.0
uDB09320 0.006026172 0.008172079 0.019041285 0.021499526 0.0 0.0 0.0010604751 0.0 0.006965715 0.0 0.0 0.0 0.0 0.0 0.013113728 0.0 0.0 0.004968963 0.012541953 0.0018866255 0.0054303003 0.0 0.009021889 0.0 0.006822856 0.0 0.0041195964 0.0009315856 0.0064550494 8.066872e-05 0.0 0.0 0.00021471358 0.0 0.0 0.0042178356 0.002703157 0.022605812 0.016885266 0.006339217 0.009297982 0.0 0.0 0.0 0.009272748 0.0 0.015661038 0.00023796227 0.0 0.0136607215 0.003862294 0.010348259 0.0 0.0 0.0 0.005961793 0.0 0.0014466781 0.011463953 0.007493025 0.0 0.012217146 0.0036136252 0.0
uDB00237 0.003996526 0.007604632 0.008596171 0.01377435 0.0 0.0 0.001827799 0.0 0.0033739563 0.0 0.0 0.0 0.0 0.0 0.008775447 0.0 0.0026008876 0.0034651763 0.007653771 0.0018934213 0.002756771 0.0 0.0036237333 0.0 0.009086635 0.0 0.001603779 0.0 0.006413926 0.0 0.0 0.0 0.0 0.0003319367 0.0 0.0013532079 0.0040987083 0.020741375 0.010640737 0.0010924372 0.007408065 0.0 0.0 0.0 0.005598546 0.0 0.006728272 0.0008216785 0.0 0.008269612 0.005707024 0.0040476136 0.0 0.0 0.0 0.0032075662 0.0 0.002638392 0.008038862 0.004295198 0.0 0.005959461 0.003562774 0.0
uDB00474 0.0034637551 0.0030180488 0.008180834 0.01019402 0.0 0.0 0.00094233773 0.0 0.0028907522 0.0 0.0 0.0 0.0 0.0 0.0048387554 0.0 0.0014698481 0.003052967 0.005378914 0.00059123966 0.0024713676 0.0 0.004438583 0.0 0.0032418345 0.0 0.00042490353 0.0 0.0045526703 0.0015747639 0.0 0.0 0.0 0.0011479097 0.0 0.0002500931 0.0021883235 0.01568124 0.010635901 0.0008408895 0.0069932602 0.00082568865 0.0 0.0 0.0063635274 0.0 0.007051222 0.0 0.0 0.005549311 0.002764393 0.0024249766 0.0 0.00069297693 0.0 0.0010114214 0.0 0.0034606052 0.006214718 0.0037049763 0.0 0.0067091207 0.0032811793 0.00022207653
uDB01154 0.01085453 0.02004077 0.021091238 0.029631538 0.0 0.0 0.0 0.0 0.0048526204 0.0 0.0 0.0 0.0 0.0 0.017666224 0.0 0.0 0.005714178 0.016054526 0.009000525 0.0029227196 0.0 0.009633759 0.0 0.0109573 0.0 0.0087093515 0.0 0.012958442 0.0036670747 0.0 0.0 0.0033493107 0.0 0.0 0.0027818466 0.0035219516 0.030608872 0.022321017 0.008459441 0.01051852 0.0 0.0 0.0 0.014421528 0.0 0.01849639 0.0026957325 0.001919886 0.019434458 0.005660198 0.009707305 0.0046971277 0.0 0.0 0.004191641 0.0 0.005728669 0.0107169 0.012479604 0.0 0.023696968 0.009637169 0.0
uDB00908 0.0138440775 0.0086537115 0.010775563 0.024576196 0.0 0.0 0.001981408 0.0 0.005073472 0.0 0.0 0.0 0.0 0.0 0.013697669 0.0 0.005482879 0.004637637 0.0018205575 0.0053801085 0.0027288457 0.0 0.0049443683 0.0 0.016076175 0.0 0.004011738 0.0 0.0011053422 0.0 0.0 0.0 0.0035209665 0.0024483074 0.0 0.005733865 0.0016129891 0.024072044 0.018430002 0.00036384258 0.0063538817 0.0 0.0 0.0 0.011667651 0.0026149652 0.012551774 0.0 0.0 0.012791454 0.0016650395 0.007879513 0.003022865 0.0 0.0 0.0017865854 0.0 0.0 0.008912133 0.010526443 0.00024076502 0.013346652 0.006141815 0.0
uDB00204 0.0054073464 0.010323495 0.023415316 0.021703614 0.0 0.0 0.0 0.0 0.009766235 0.0 0.0 0.0 0.0 0.0 0.019253511 0.0 0.0037878433 0.009015806 0.012478022 0.0055419267 0.0032823493 0.0 0.018949872 0.0002536592 0.00909815 0.0 0.002492248 0.0 0.0108153615 0.0029505738 0.0 0.0 0.0 0.0036431276 0.0 0.004217609 0.0072528766 0.029354373 0.024388522 0.010476271 0.013036942 0.0031685166 0.0 0.0 0.012115619 0.0 0.016831463 0.00088783685 0.0 0.022300093 0.010077375 0.0068172114 0.0 0.0 0.0 0.010657458 0.0007721472 0.0028875875 0.010240173 0.004676218 0.0 0.01634249 0.0045084716 0.0
uDB00363 0.005052003 0.011314305 0.018732259 0.021200433 0.0 0.0 3.9016013e-06 0.0 0.0051364074 0.0 0.0 0.0 0.0 0.0 0.012851683 0.0 0.0023766847 0.003996555 0.009354556 0.0046013747 0.0 0.0 0.007974879 0.0 0.010367604 0.0 0.008327568 0.0 0.007542627 0.0 0.00011028373 0.0 0.0033465023 0.0 0.0 0.001493109 0.0 0.025804216 0.0199873 0.0051701516 0.012759817 0.0 0.0 0.0 0.011539993 0.0 0.010268408 0.0 0.00092373823 0.014771365 0.0021901024 0.0092646 0.0007467871 0.0 0.0 0.007891627 0.0 0.0049680457 0.008145705 0.013455242 0.0 0.0153519325 0.0012832223 0.0
uDB00669 0.01292938 0.012539545 0.019803116 0.028300222 0.0 0.0 0.0002602458 0.0 0.010657938 0.0 0.0030934887 0.0 0.0 0.0 0.008890435 0.0 0.007955871 0.00075311505 0.0069658575 0.0020701375 0.004368951 0.0 0.0071196062 0.0 0.0074584037 0.0 0.004224081 0.0 0.0034484942 0.0 0.0 0.0 0.0 0.0 0.0 0.0003474447 0.007821244 0.026556002 0.02439871 0.0046503325 0.009750406 0.0 0.0 0.0 0.011387988 0.0 0.015317657 0.0 0.0016087791 0.015419424 0.00021367043 0.0054076165 0.00038322204 0.0 0.0 0.0075652734 0.0 0.002044788 0.012646958 0.02010983 0.0 0.019528257 0.0 0.0
uDB00960 0.009615694 0.0078021977 0.012643416 0.02406875 0.0 0.0 0.00074208743 0.0 0.0077826185 9.971599e-06 0.0 0.0 0.0 0.0 0.011640132 0.0 0.0063621546 0.0 0.012000801 0.0010975853 0.006909315 0.0 0.0045186915 0.00092135137 0.012750203 0.0 0.004197846 0.0 0.00911981 0.0 0.0 0.0 0.0 0.0 0.0 0.0072503784 0.003839203 0.025156796 0.018402155 0.0031104116 0.012402895 0.0 0.0 0.0 0.0111125065 0.0 0.013958272 0.0029152487 0.0 0.019125901 0.0010157371 0.006717501 0.0012561441 0.0 0.0 0.0045364196 0.0 0.0022073423 0.0133135095 0.004982853 0.0 0.011930959 0.0049626646 0.0
uDB00606 0.0048271352 0.0075381016 0.012520373 0.0135505535 0.0 0.0 0.000151421 0.0 0.003116359 0.0 0.0024189327 0.0 0.0 0.0 0.008018262 0.0 0.005660131 0.00040053052 0.007949764 0.002794027 0.0041288403 0.0 0.004419836 0.0 0.007137025 0.0 0.004567907 0.0 0.00774546 0.0 0.0 0.0 0.0 0.004162371 0.0005190172 0.0012462299 0.0032164466 0.021438736 0.013041369 0.006903131 0.0075779594 0.0 0.0 0.0 0.010699908 0.0 0.0100029595 0.0 0.0 0.012486172 0.004955333 0.0056887046 0.0 0.0 0.0 0.0030579446 0.0022155847 0.0014103523 0.010660935 0.00826202 0.0 0.010812314 0.0016167655 0.0
uDB00370 0.0069385925 0.009125039 0.020009873 0.02420822 0.0 0.0 0.0 0.0 0.008212724 0.0 0.0 0.0 0.0018160129 0.0 0.013886872 0.0 0.005237739 0.013154576 0.008657318 0.0038479965 0.0020359089 0.0 0.007892689 0.0 0.007686742 0.0 0.007768519 0.0 0.007358599 0.0 0.0 0.0 0.0028189928 0.0 0.0 0.0017155184 0.007855001 0.0315879 0.024446921 0.008728553 0.010114728 0.0 0.0 0.0 0.016495656 0.0 0.018869897 0.0 0.0 0.021031285 0.008224063 0.010900676 0.0 0.0 0.0 0.0033236123 0.0 0.005397132 0.011311958 0.016205905 0.0 0.01738663 0.0055197612 0.0
uDB00889 0.006088446 0.0035480722 0.009849764 0.014335226 0.0 0.0 0.00076534 0.0 0.0034590913 0.0 0.0012542242 0.0 0.0 0.0 0.0076622535 0.0 0.006156947 0.0043678638 0.008895308 0.0 0.00393549 0.0 0.006118932 0.0 0.0064786086 0.0 0.0042488133 0.0 0.0069734943 0.0031412845 0.0 0.0 0.0 0.0020839386 0.0 0.001079247 0.0036122708 0.016799988 0.014921988 0.0048794565 0.009480384 0.0 0.0 0.0 0.0051864698 0.0 0.011667138 0.0 0.0 0.011888919 0.0070073083 0.00698743 0.0 0.0 0.0 0.0077399197 0.0 0.0012859514 0.007269881 0.008338553 0.0 0.011080514 0.0005150465 0.0
uDB00343 0.0037851832 0.009198718 0.014605124 0.015741179 0.0 0.0 0.0015765438 0.0 0.0028053657 0.0 0.0 0.0 0.0 0.0 0.0071727224 0.0 0.0041912347 0.0023903262 0.008105763 0.0005933589 0.00041139004 0.0 0.0059799347 0.0005192831 0.007204585 0.0 0.0016535847 0.0 0.0053423303 0.00022826658 0.0 0.0 0.0 0.0 0.0 0.002276756 0.0 0.02114872 0.013336607 0.002488783 0.009324917 0.0 0.0 0.0 0.0054204133 0.0 0.01089946 0.0 0.0 0.011068322 0.005043771 0.006408804 0.0 0.0 0.0 0.005143522 0.0 0.0062523284 0.008153916 0.0071089356 0.0 0.009114631 0.0067664334 0.0
uDB01195 0.005960945 0.008639747 0.016785515 0.017883085 0.0 0.0 0.0042816675 0.0 0.007569752 0.0 0.0006069259 0.0 0.0 0.0 0.009812291 0.0 0.0 0.0064869192 0.010003692 0.0038185944 0.004894364 0.0 0.0056741573 0.0 0.0046732165 0.0 0.0045037214 0.0 0.0071101296 0.0 0.00035149534 0.0 0.000965055 0.0 0.0 0.0019449728 0.005501936 0.023557557 0.015949173 0.0049784165 0.006885995 0.0 0.0 0.0 0.0065531633 0.00037998526 0.012339781 0.0 0.0 0.010359142 0.00059221114 0.008155343 0.0 0.0 0.0 0.0031921177 0.0 0.0 0.009936187 0.009236843 0.0 0.013368294 0.00315749 0.0
uDB00653 0.0030039204 0.0095758075 0.011055465 0.017145386 0.0 0.0 0.0 0.0 0.007131348 0.0 0.0 0.0 0.0 0.0 0.015259714 0.0 0.005511535 0.005771781 0.0031036292 0.0014991505 0.003270468 0.0017103101 0.0069034183 0.0011287285 0.00935598 0.0 0.0010528424 0.0 0.0009975875 0.0 0.0 0.0 0.003594515 0.0 0.0 0.0021759886 0.0 0.023082975 0.016950544 0.0067318943 0.009405862 0.0 0.0 0.0 0.011993642 0.0012995433 0.011651814 0.0036258826 0.0 0.013843822 0.0041037477 0.0067525646 0.00046226758 0.0 0.0007800262 0.0023104143 0.0 0.0059947725 0.011176594 0.007969159 0.0 0.009390687 0.011762047 0.0
uDB00468 0.0035374677 0.010608549 0.018105177 0.015606514 0.0 0.0 0.0050359247 0.0 0.00730833 0.0 0.0024205155 0.0 0.0 0.0 0.014383662 0.0 0.0022480178 0.012021463 0.010019457 0.0048887124 0.002869303 0.0 0.008459523 0.0 0.01177028 0.0 0.00032283866 0.0 0.0008562183 0.0008161081 0.0 0.0 0.00017277706 0.0 0.0 0.005080792 0.004573444 0.022883449 0.017612886 0.007910693 0.007949164 0.0 0.0 0.0 0.008249953 0.0014498997 0.014401062 0.00266292 0.0 0.01793903 0.0020602602 0.007601557 0.00042943333 0.0 0.0002333613 0.0035810308 0.0 0.0 0.011535462 0.011903864 0.0 0.012663554 0.0035292841 0.0
uDB00455 0.005607822 0.010664655 0.015834529 0.020154912 0.0 0.0 0.007985487 0.0 0.003992578 0.0 0.0 0.0 0.0 0.0 0.011354625 0.0 0.0016763514 0.0011202388 0.008351495 0.0057575684 0.0 0.0 0.0049384288 0.0 0.010231562 0.0 0.010417528 0.0 0.010159674 0.0 0.0018731905 0.0 0.003857757 0.0 0.0 0.0037210956 0.0 0.028901959 0.02104327 0.008859996 0.0074102944 0.0 0.0 0.0 0.012179153 0.0 0.013208444 0.0014986848 0.0 0.014206823 0.0034226319 0.014432452 0.0 0.0 0.0 0.0024193684 0.0 0.0004500724 0.009792773 0.014396156 0.0 0.01519921 0.0026006242 0.0
uDB01182 0.0036963434 0.017893624 0.021759657 0.020295598 0.0 0.0 0.0033883182 0.0 0.0 0.0 0.0005444803 0.0 0.0 0.0 0.014092519 0.0 0.0 0.0031071396 0.006857915 0.0060879407 0.0 0.0 0.0037817028 0.0 0.006332689 0.0 0.0073742038 0.0 0.007597724 0.0 0.0 0.0 0.0020078507 0.0 0.0016001118 0.004457931 0.0 0.031193687 0.018641632 0.014574941 0.011004758 0.0 0.0 0.0 0.01269264 0.0 0.0139460275 0.0 0.0 0.016080512 0.010210946 0.009971333 0.0 0.0 0.0 0.0 0.0 0.0063514295 0.0047381786 0.016820345 0.0 0.014487364 0.004024246 0.0
uDB00297 0.0035590657 0.0043556574 0.012440943 0.012474575 0.0 0.0 0.0030425463 0.0 0.008170976 0.0 0.0 0.0 0.0 0.0 0.010893852 0.0 0.0 0.0010278409 0.009696834 0.0005478434 0.008664601 0.0 0.006945611 0.0 0.008873084 0.0 0.0005312053 0.0 0.008256789 0.0028879144 0.0 0.0 0.00025485057 0.0 0.0 0.00025877325 0.0017326659 0.02027206 0.014157321 0.0032488005 0.008210847 0.0005788366 0.0 0.0 0.0067542284 0.0 0.010332555 0.0 0.0 0.010480499 0.0 0.009351482 0.0 0.0 0.0 0.0053620706 0.0 0.0022460457 0.012059094 0.0042844582 0.0 0.008478779 0.008110599 0.0
uDB01118 0.007557365 0.0100480225 0.018769834 0.024886623 0.0 0.0 0.0 0.0 0.004889106 0.0 0.0 0.0 0.0 0.0 0.016904231 0.0 0.0040413975 0.007357074 0.0060011 0.0040627974 0.003394747 0.0 0.00493029 0.0045039672 0.014857253 0.0 0.01366236 0.0 0.0077515873 0.0 0.0018628524 0.0 0.00888522 0.0018247693 0.0 0.009922769 0.0021814664 0.044183392 0.036298424 0.018526064 0.006946961 0.0018772193 0.0 0.0 0.02435869 0.0045073177 0.013869642 0.0 0.0 0.021633338 0.002910219 0.004961121 0.0 0.0 0.0 0.011462517 0.0 0.014357711 0.010556975 0.024077136 0.0 0.025813663 0.0014463621 0.0006732827
uDB01026 0.002353232 0.004327504 0.008272449 0.013142478 0.0 0.0 0.000701936 0.0 0.0035666246 0.0 0.000889383 0.0 0.0 0.0 0.006239753 0.0 0.004046157 0.00379771 0.008911371 0.0007801199 0.0011221302 0.0 0.0015074296 0.0 0.0065671396 0.0 0.00020253647 0.0005912237 0.006373389 0.0 0.0 0.0 0.0 0.0 0.0 0.00048480477 0.0 0.014231617 0.01005261 0.0027320827 0.009550772 0.0 0.0 0.0 0.006570137 0.0 0.0069884593 0.0007935847 0.0 0.0065855337 0.0034112197 0.0045419754 0.00074653985 0.0 0.0 0.003743914 0.0 0.0016633517 0.0059883143 0.0033135451 0.0 0.0061674877 0.0026948554 0.0
uDB00808 0.00443886 0.007898774 0.016910989 0.016492348 0.0 0.0 0.0024243959 0.0 0.0049394784 0.0 0.0 0.0 0.0 0.0 0.009451191 0.0 0.0032337501 0.005164285 0.008032527 0.0026315802 0.0014092323 0.0 0.004198088 0.0 0.006962167 0.0 0.006601494 0.0006608198 0.0064688358 0.00011554116 0.0 0.0 0.004267826 0.0 0.0 0.0037770541 0.003673163 0.022925435 0.022236362 0.004003202 0.0052861604 0.0 0.0 0.0 0.010843645 0.0 0.011663284 0.0 0.0 0.010192153 0.0016799519 0.0077197887 0.0 0.0 0.0 0.006301179 0.0 0.0 0.010185586 0.007072011 0.0 0.0120658325 0.0011357069 0.0
uDB00637 0.008622649 0.008222264 0.012419133 0.017894577 0.0 0.0 0.0 0.0 0.0025202604 0.0 0.0 0.0 0.0 0.0 0.01290668 0.0 0.0045925817 0.0018952918 0.007255518 0.0022325849 0.0009834057 0.0 0.0045614187 0.0 0.011432106 0.0 0.0053907037 0.0 0.0026847874 0.0 0.00014737982 0.0 0.0030716332 0.0 0.0 0.0071293064 0.0008315322 0.025276203 0.014478446 0.009060405 0.0052916035 0.0005480117 0.0 0.0 0.0139054 0.0024443306 0.010285844 0.0 0.0 0.008910929 0.0042850072 0.0052363286 0.0016197138 0.0 0.0 0.004953589 0.0 0.0046227025 0.01002991 0.009614972 0.0 0.00998397 0.0072890115 0.0
uDB00604 0.008537557 0.012536265 0.020163247 0.02442538 0.0 0.0 0.004890005 0.0 0.00505971 0.0 0.0 0.0 0.0 0.0 0.00677359 0.0 0.00644198 0.00089554605 0.017056638 0.009842907 0.0029284393 0.0 0.0072497637 0.0 0.01493286 0.0 0.004047757 0.0031211935 0.009434922 0.0075486186 0.0 0.0 0.0 0.0 0.0 0.0074763186 0.000991335 0.018652925 0.019960396 0.007960806 0.0107517345 0.0 0.0 0.0 0.010899107 0.0 0.011949594 0.0 0.0 0.0119671365 0.011219587 0.014094064 0.0033419775 0.0 0.0 0.0030732164 0.0 0.002504494 0.012850575 0.0068517337 0.0 0.015371969 0.00083024375 0.0
uDB00342 0.004626721 0.006931071 0.012982305 0.015530738 0.0 0.0 0.0 0.0 0.0034555327 0.0 0.0 0.0 0.0 0.0 0.01076017 0.0 0.003141405 0.0036537484 0.00657896 0.0021809053 0.0014969104 0.0 0.0029248362 0.0 0.0064077475 0.0 0.0065307766 0.0 0.0045891865 0.0 0.0 0.0 0.0010341373 0.0 0.0 0.00177553 0.0020268827 0.018028593 0.013893965 0.0040053236 0.0069670347 0.0 0.0 0.0 0.005450542 0.0 0.009952721 0.0008134907 0.0 0.0075627025 0.0018328732 0.008802369 0.0 0.0 0.0 0.004459511 0.0 0.00047378783 0.005451443 0.011104466 0.0 0.008558196 0.0025224756 0.0
uDB00308 0.005183113 0.007556451 0.010051213 0.0144471 0.0 0.0 0.0 0.0 0.0048418804 0.0 0.0 0.0 0.0 0.0 0.009119918 0.0 0.002152946 0.008727072 0.006457503 0.0022911776 0.0005435599 0.0 0.0033336165 0.0006487835 0.005325076 0.0 0.0029643015 0.0 0.008111773 0.0 0.0006412647 0.0 0.0 0.000633708 0.0 0.0031091834 0.003948022 0.018320834 0.010620962 0.0042493283 0.007831827 0.0 0.0 0.0 0.0064532408 0.0 0.0097405715 0.0038758118 0.0 0.010049583 0.004029438 0.007609395 0.0 0.0 0.0 0.002731029 0.0 0.0 0.0066350526 0.008897765 0.0 0.009148657 0.004716709 0.0
uDB00414 0.0044117616 0.0054460815 0.0117532965 0.013136765 0.0 0.0 0.0 0.0 0.002728161 0.0 0.0011586007 0.0 0.0 0.0 0.006669379 0.0 0.005109715 0.0025279731 0.00626334 0.00074702455 0.0032785323 0.0 0.006867907 0.0 0.008297516 0.0 0.0041590272 0.0 0.006299607 0.0010862261 0.0 0.0 0.0 0.0008997826 0.0 0.0008120708 0.00066836865 0.022048663 0.013140735 0.0053162407 0.007988911 0.0 0.0 0.0 0.010156505 0.0 0.009187519 0.0 0.0 0.011128794 0.0050275233 0.0031395727 0.0 0.0 0.0 0.0058414764 0.0003132012 0.004039521 0.0088178925 0.010770908 0.0 0.009018932 0.0 0.0
uDB01067 0.00362244 0.0059659937 0.01228781 0.012901018 0.0 0.0 0.0 0.0 0.00497516 0.0 0.00037071883 0.0 0.0 0.0 0.007872052 0.0 0.0013761712 0.005529658 0.005176733 0.0044516646 0.004614788 0.0 0.0044691665 0.0 0.006087237 0.0 0.0 0.0 0.0018023961 0.0 0.0005978304 0.0 0.00033946705 0.0 0.0 0.002372488 0.001461578 0.018459715 0.013963892 0.003644647 0.0067920135 0.0 0.0 0.0 0.0062954263 0.0021743635 0.009547717 0.0 0.0 0.006940547 0.0033860633 0.0029523645 0.0 0.0 0.0 0.0032257615 0.0 0.0 0.008276422 0.0063700117 0.0 0.00755977 0.00050472136 0.0
uDB00839 0.0036364358 0.007667809 0.0058992123 0.011019405 0.0 0.0 0.005168459 0.0 0.0013710493 0.0 0.0011729574 0.0 0.0 0.0 0.0057547297 0.0 0.0017988415 0.0039325175 0.0035565821 0.0035717422 0.0 0.0 0.005681619 0.0 0.004294954 0.0 0.000754324 0.0 0.00505853 0.0 0.0 0.0 0.0 0.0006158606 0.0 0.0030023083 0.0016179144 0.016166259 0.010225445 0.0025450801 0.006703562 0.0 0.0 0.0 0.0060847057 0.0 0.0075995573 0.0 0.0 0.0074131354 0.0036306088 0.00616608 0.0009425544 0.0 0.0 0.00056339987 0.0 0.002666789 0.009050464 0.005844775 0.0 0.006772853 0.006297378 0.0
uDB01124 0.0051791705 0.004456475 0.009149499 0.012780175 0.0 0.0 0.001061863 0.0 0.003871073 0.0 0.0 0.0 0.0 0.0 0.0053164717 0.0 0.0016200744 0.004215423 0.004159878 0.0033915802 0.0036766601 0.0 0.004497744 0.0 0.0044787037 0.0 0.0013752205 0.0 0.0055547217 0.0 0.0014581264 0.0 0.0026352075 0.00074515416 0.0 0.002222032 0.0035573323 0.019485435 0.011598081 0.002565337 0.005220888 0.0 0.0 0.0 0.0060661496 0.0 0.009245717 0.0 0.0 0.006494155 0.00026619958 0.0023948038 0.0 0.0004131119 0.0 0.002377186 0.0 0.0003099327 0.008042699 0.008383447 0.0 0.007140752 0.0050979527 0.0
uDB00350 0.008749224 0.010480717 0.013114205 0.01667845 0.0 0.0 0.0012752027 0.0 0.002667666 0.0 0.0 0.0 0.0 0.0 0.020196483 0.0 0.0010984006 0.0059555657 0.0019415348 0.003470231 0.0033521075 0.0 0.008772637 0.0 0.008647261 0.0 0.010937476 0.0 0.0058321697 0.0020708046 0.0 0.0 0.0033631409 0.0 0.0 0.0040623215 0.003065965 0.028337853 0.02746675 0.011917768 0.008873377 0.0 0.0 0.0 0.012585358 0.00039828528 0.018007796 0.0 0.0 0.014569808 0.0006495506 0.011477206 0.0 0.0 0.0 0.007782347 0.0 0.0015841818 0.0064698257 0.013698468 0.0 0.01120204 0.004352472 0.0
uDB00222 0.0065336274 0.008535768 0.008018158 0.015953887 0.0 0.0 0.0028833083 0.0 0.0059404364 0.0 0.0 0.0 0.0 0.0 0.011212741 0.0 0.0027407927 0.008741142 0.0073172064 0.0023324687 0.0034165408 0.0 0.0032111644 0.0 0.0054870583 0.0 0.0017494214 0.0 0.0061167823 0.0 0.0021246905 0.0 0.0015470413 0.004152302 0.0 0.0027947605 0.0032553163 0.021959877 0.015994458 0.0016912688 0.009536487 0.0 0.0 0.0 0.004778509 0.00127014 0.008730006 0.0 0.0 0.012689453 2.3532535e-05 0.0066408385 0.0 0.0 0.0 0.005677836 0.0 0.0 0.010586819 0.0076586986 0.0 0.007935273 0.003577211 0.0
uDB00912 0.0061439024 0.011962161 0.013627649 0.015162833 0.0 0.0 0.002786016 0.0 0.0038149864 0.0 0.004002165 0.0 0.0 0.00057487906 0.011384136 0.0 0.0036121763 0.004864108 0.007384564 0.010381231 0.003777794 0.0 0.0055654654 0.0 0.010784602 0.0 0.002134034 0.0 0.0028934758 0.0009034764 0.0 0.0 0.0 0.001777727 0.0 0.0026048473 0.006131294 0.02582428 0.014878885 0.0037092413 0.0051179575 0.0 0.0 0.0 0.007474126 0.00035477668 0.012280383 0.0 0.0 0.008754035 0.0039418275 0.0056531755 0.0015296014 0.0 0.0 0.0005943137 0.0 0.0 0.0103221405 0.010891499 0.0 0.010594932 0.004978449 0.0
uDB00731 0.008462915 0.013502415 0.01468987 0.017823584 0.0 0.0 0.0 0.0 0.0022568558 0.0 0.0 0.0 0.0 0.0 0.018203355 0.0 0.0047751064 0.0051930607 0.006602262 0.00019024857 0.0 0.0 0.0060401787 0.0 0.012155822 0.0 0.0055201706 0.0 0.004838414 0.0009844595 0.0 0.0 0.0013471791 0.0 0.0 0.005758201 0.0 0.02547379 0.020671964 0.009344881 0.013341599 0.0 0.0 0.0 0.014452239 0.0 0.015491917 0.0015170807 0.0 0.019835811 0.0018381663 0.009501478 0.0019136211 0.0 0.0 0.003642879 0.0 0.0058533484 0.0042067505 0.016002163 0.0 0.019383593 0.0032751258 0.0
uDB00472 0.0076864082 0.012569899 0.018365657 0.018683827 0.0 0.0 0.0 0.0 0.0062974957 0.0 0.0 0.0 0.002279799 0.0 0.019206718 0.0 0.0091005955 0.01191454 0.008369549 0.0053805006 0.0 0.0 0.012645355 0.0 0.0070775845 0.0 0.0025142352 0.0 0.0076745353 0.001074578 0.0 0.0 0.004039767 0.0010024077 0.0 0.0039556553 0.0023677878 0.030914562 0.019829648 0.007529058 0.017499512 0.0 0.0 0.0 0.016850077 0.0 0.014673251 0.0017244676 0.0 0.02353706 0.004797914 0.008653838 0.0 0.0 0.0 0.0074859434 0.0 0.0034150498 0.008031378 0.010815112 0.0 0.01130288 0.0038468507 0.0
uDB00679 0.008687152 0.025716469 0.018666761 0.022963507 0.0 0.0 0.006525647 0.0 0.004612532 0.0 0.0012927803 0.0 0.0 0.0 0.012081917 0.0 0.0016252972 0.002589921 0.007455306 0.006963397 0.0 0.0 0.009908737 0.0 0.0042437445 0.0 0.0061783637 0.0015277077 0.011584321 0.0013049761 0.0 0.0 0.0024952507 0.0014562645 0.0 0.0037889462 0.00464919 0.027086206 0.0254115 0.005472386 0.003038303 0.0012961094 0.0 0.0 0.010484205 0.0 0.0178558 0.002789394 0.0 0.010858294 0.0016180534 0.010499851 0.0046465206 0.0 0.0 0.003772453 0.0 0.005507205 0.011868497 0.010544058 0.0 0.015206141 0.002744513 0.0
uDB01120 0.0044865236 0.011490866 0.0139844585 0.016247202 0.0 0.0 0.0 0.0 0.007247093 0.0 0.00033359416 0.0 0.0 0.0 0.013153714 0.0 0.0025545738 0.008910686 0.004615387 0.005161384 0.0004910609 0.0 0.0055541806 0.00011514127 0.009603079 0.0 0.0035678982 0.0 0.0011210953 0.0 0.0 0.0 0.00024706122 0.0 0.0 0.0028705935 0.0 0.01861636 0.016079854 0.008114355 0.0046338164 0.0 0.0 0.0 0.011479669 0.0024628784 0.010892605 0.00017042183 0.0 0.011683853 0.007061011 0.0063255103 0.0 0.0 0.0010421823 0.0012286757 0.0 0.0017406053 0.0056725326 0.008939166 0.0 0.012854852 0.006939677 0.0
uDB01252 0.005165506 0.006181787 0.0073774555 0.0123270685 0.0 0.0 0.0 0.0 0.0014262643 0.0 0.0 0.0 0.0 0.0 0.0056638937 0.0 0.0035636227 0.004879153 0.0053109177 0.00036170226 0.002014133 0.0 0.0026647989 0.0 0.0053067664 0.0 0.0028723055 0.0 0.008424033 0.003691163 0.00039512292 0.0 0.0003205058 0.0010454876 0.0 0.00027412866 0.0024337429 0.01723923 0.011476039 0.0004293155 0.006754676 0.0008805241 0.0 0.0 0.005423095 0.0 0.0075770495 0.0 0.0 0.008585469 0.0027245972 0.0044854097 0.0 0.0 0.0 0.0019568456 0.0 0.0048189186 0.005577157 0.0067360024 0.0 0.010514859 0.004552336 0.0
uDB00999 0.0054535447 0.007859747 0.019915016 0.021391239 0.0 0.0 0.003235048 0.0 0.0026094639 0.0 0.0010323629 0.0 0.0 0.0 0.014723202 0.0 0.0022386105 0.0 0.010416383 0.0045216647 0.0037357507 0.0 0.0132343015 0.0 0.014990231 0.0 0.0090067675 0.0 0.009007266 0.0015122158 0.0 0.0 0.0039059953 0.0 0.00054407003 0.0067172167 0.0 0.031059224 0.022164172 0.0142761 0.0074696806 0.0 0.0 0.0 0.017658668 0.0 0.012455179 0.0007052082 0.0 0.015729208 0.004494224 0.011673398 0.004055861 0.00051479886 0.0 0.0077821505 0.0 0.004290124 0.010630045 0.016203001 0.0 0.018048925 0.0018067528 0.0
uDB00880 0.0049918117 0.014412908 0.021701843 0.0178983 0.0 0.0 0.0 0.0 0.0 0.0 0.0 0.0 0.0 0.0 0.01139016 0.0 0.0037649253 0.0065993657 0.013573842 0.0 0.0014302146 0.0 0.012627086 0.0 0.008877693 0.0 0.007950525 0.0019159152 0.009360018 0.0025424114 0.0 0.0 0.0026001302 0.003970088 0.0 0.0031454545 0.0043343985 0.029838806 0.015841568 0.0031043156 0.0045176726 0.0008327219 0.0 0.0 0.0081500495 0.0 0.014791564 0.0065136664 0.0 0.0142364735 0.005265889 0.010384241 0.0 0.0 0.0 0.0028502042 0.0 0.0051669064 0.011482555 0.013479595 0.0 0.014926663 0.002364182 0.0
uDB00436 0.008015975 0.009571965 0.023072014 0.018865053 0.0 0.0 0.0 0.0 0.009180636 0.0 0.0034681433 0.0 0.0 0.0 0.015804932 0.0 0.0 0.005810454 0.011934668 0.0048078974 0.0068975464 0.0 0.00717548 0.0 0.0092253685 0.0 0.003143744 0.0 0.005459149 0.001313602 0.0 0.0 0.00097095215 0.0 0.001573154 0.00425471 0.0025653352 0.029710004 0.02160247 0.013704652 0.00095864 0.0029104557 0.0 0.0 0.0123937605 0.000316429 0.019600008 0.0030795643 0.0 0.015040027 0.0100956 0.0072337314 0.0 0.0 0.0 0.0014023245 0.0 0.0 0.018784044 0.008076316 0.0 0.019451551 0.010944797 0.0
uDB00562 0.0038271123 0.0074470546 0.008479959 0.020020103 0.0 0.0 0.002435332 0.0 0.009330596 0.0 0.00029048533 0.0 0.0 0.0 0.010609246 0.0 0.0052385204 0.009641059 0.009022902 0.0 0.0053896494 0.0 0.0075453334 0.00022655912 0.006270026 0.0 0.00046137802 0.0 0.01336577 3.8344762e-05 0.0 0.0 0.0007814983 0.0042987023 0.0 0.003850062 0.007224086 0.023488354 0.021556232 0.00032282248 0.006025791 0.0 0.0 0.0 0.008152534 0.0 0.016096871 0.002475527 0.0 0.011011559 0.00040564488 0.008685536 0.0 0.0 0.0 0.0041145496 0.0 0.00068127393 0.0142078735 0.010208494 0.0 0.010861928 0.0067847525 0.0005216361
uDB00774 0.007024904 0.00996979 0.016948834 0.017175848 0.0 0.0 0.0 0.0 0.0025382517 0.0 0.0 0.0 0.0 0.0004272365 0.017091516 0.0 0.003175005 0.0035913005 0.008750787 0.0026596396 0.008994545 0.0 0.0017324928 0.0 0.005134079 0.0 0.0 0.0 0.0063692704 0.0 0.0 0.0 0.0047541396 0.002294541 0.0 0.0037089996 0.0035613093 0.029143406 0.017097564 0.006209184 0.006806574 0.0 0.0 0.0 0.009350955 0.0 0.015324182 0.00224674 0.0 0.014814262 0.0022833354 0.00421919 0.0 0.0 0.0 0.0033379518 0.0 0.0016724763 0.00972301 0.0076166773 0.0 0.011584007 0.0069392123 0.0
uDB00232 0.010197627 0.017088214 0.01992719 0.023988865 0.0 0.0 0.004632493 0.0 0.009311436 0.0 0.0 0.0 0.0 0.0 0.022827603 0.0 0.0 0.010565577 0.010160368 0.0059088166 0.0015787658 0.0 0.004158915 0.0 0.013693837 0.0 0.0054813717 0.0 0.0 0.0 0.0 0.0 0.0061035035 0.0 0.0 0.005171695 0.0054947417 0.037427045 0.024709314 0.011109667 0.010433695 0.0 0.0 0.0 0.008110835 0.0049724877 0.019690365 0.0013145083 0.0 0.017258376 0.0004733865 0.004980088 0.00032670287 0.0 0.0 0.0056506586 0.0 0.0 0.010593208 0.0057145124 0.0 0.012381541 0.007892001 0.0
uDB01021 0.0051184073 0.006859122 0.015436723 0.021434112 0.0 0.0 0.001651162 0.0 0.0068398067 0.0 0.0 0.0 0.0 0.0 0.010851872 0.0 0.004404696 0.0039309603 0.012223289 0.007610029 0.0066671004 0.0 0.005308523 0.0 0.011005074 0.0 0.001483898 0.00087570626 0.012777923 0.0029759952 0.0 0.0 0.0 0.0006375383 0.0 0.0035461793 0.002114524 0.02503763 0.01974547 0.004685106 0.015387615 0.0 0.0 0.0 0.012343123 0.0 0.009778987 0.0 0.0010721451 0.016855031 0.0072987466 0.0067707384 0.0 0.0 0.0 0.002998928 0.0 0.0003065954 0.008476479 0.0034768635 0.0 0.012255258 0.0 0.0
uDB00356 0.002137932 0.0076956246 0.010994185 0.016056394 0.0 0.0 0.0018021916 0.0 0.0058565433 0.0 0.0 0.0 0.0 0.0 0.007131676 0.0 0.0039594905 0.004193486 0.0053009894 0.0017245342 0.00076605094 0.0 0.005339179 0.0 0.006406103 0.0 0.0049036695 0.0 0.008378115 0.0 0.0 0.0 0.0 0.0023426856 0.0 0.0027346243 0.0017067593 0.018138519 0.016102927 0.0021487162 0.007837299 0.0 0.0 0.0 0.0062136212 0.0 0.010302025 0.0 0.0 0.010075192 0.0026393514 0.008441397 0.0 0.0 0.0 0.0016774344 0.0 0.0014516315 0.008571703 0.006027018 0.0 0.007896186 0.0 0.0003646626
uDB00831 0.006121427 0.007722833 0.014667562 0.018994099 0.0 0.0 0.0037571716 0.0 0.004189146 0.0 4.2816857e-05 0.0 0.0 0.0 0.0117360605 0.0 0.0051411954 0.00080555695 0.013285613 7.584071e-05 0.0063805967 0.0 0.007514395 0.0 0.007843791 0.0 0.0027848394 0.0 0.007935179 0.0005191298 0.0 0.0 0.0 0.0 0.0 0.0073161847 0.0017866463 0.02297386 0.017439744 0.0060120164 0.010134197 0.0 0.0 0.0 0.008508059 0.001715963 0.010795358 0.0021733928 0.0 0.009129459 0.0014822866 0.010493179 0.0 0.0 0.0 0.010230804 0.0 0.00028335775 0.009964738 0.008819434 0.0 0.0061438517 0.0052676005 0.0
uDB00321 0.0064599235 0.0073772576 0.01705554 0.017407069 0.0 0.0 0.0003024366 0.0 0.0037435563 0.0 0.0 0.0 0.0 0.0 0.011103594 0.0 0.006022792 0.002743531 0.008569348 0.0012051569 0.0046889954 0.0 0.0032627601 0.0 0.007729001 0.0 0.0067366427 0.0 0.0066175708 0.0 0.0013385701 0.0 0.0017005769 0.0028144615 0.0 0.0027047666 0.0033621371 0.025459154 0.019083226 0.005437023 0.00813042 0.0 0.0 0.0 0.008842202 0.0 0.012971167 0.0 0.0 0.012306826 0.0 0.0072732493 0.0 0.0 0.0 0.005310402 0.0 0.0029904388 0.008779106 0.010502748 0.0 0.014973264 0.005001609 0.0
uDB00434 0.002852644 0.010052289 0.011916477 0.016221149 0.0 0.0 0.0011343015 0.0 0.005700534 0.0 0.0027279116 0.0 0.0 0.0 0.00747318 0.0 0.0052531376 0.004844419 0.0086269565 0.0 0.0046374397 0.0 0.005608859 0.0007138413 0.007258971 0.0 0.0030799266 0.0 0.005082441 0.0034565856 0.0 0.0 0.0 0.0025533845 0.0 0.0013335602 0.003991872 0.021426076 0.014051698 0.0 0.009128962 0.0 0.0 0.0 0.006382533 0.0 0.0113851745 0.0 0.0 0.010873446 0.00023782125 0.0041433778 0.0033583762 0.0 0.0 0.0030953563 0.0 0.0042344853 0.008608814 0.008715872 0.0 0.013003949 0.004164859 0.0
uDB01239 0.008136706 0.011146598 0.01393965 0.022039164 0.0 0.0 0.0058442336 0.0 0.006128178 0.0 0.0 0.0 0.0 0.0 0.015317835 0.0 0.00440828 0.007432679 0.0132230595 0.006085994 0.0 0.0 0.008255772 0.0020461585 0.009766113 0.0 0.008837082 0.0 0.010558391 0.0 0.0 0.0 0.0019016946 0.0016561114 0.0 0.00026679822 0.0040410766 0.021302616 0.017854912 0.002165215 0.011272465 0.0 0.0 0.0 0.010035495 0.0 0.012275286 0.0 0.0 0.015274059 0.009635491 0.011917203 0.0 0.0 0.0 0.007073333 0.0 0.0029443642 0.011706382 0.010358473 0.0 0.012862453 0.00072362594 0.0
uDB01069 0.006468365 0.0070715286 0.020987168 0.025496557 0.0 0.0 0.00063129637 0.0 0.010281275 0.0 0.00042501208 0.0 0.0 0.0 0.008369993 0.0 0.004008534 0.0010586412 0.012071137 0.0081377495 0.0045808465 0.0 0.0062750564 0.0 0.009054175 0.0 0.00793974 0.0010852872 0.011944436 0.0013165263 0.0 0.0 0.0 0.0 0.0 0.0 0.0014051337 0.027942443 0.022109821 0.006448344 0.011208943 0.0 0.0 0.0 0.012439353 0.00027198257 0.017351214 0.0 0.0 0.0121470615 0.008924568 0.009664532 0.0003640787 0.0 0.0 0.005059404 0.0 0.006982851 0.011510016 0.011378403 0.0 0.01833781 0.008465528 0.0
uDB00623 0.004540353 0.013291196 0.015039298 0.020236678 0.0 0.0 0.003420151 0.0 0.0031925682 0.0 0.006168848 0.0 0.0 0.0 0.013427467 0.0 0.0032659161 0.011123121 0.008589087 0.0032560322 0.0009008453 0.0 0.012915593 0.0 0.008235921 0.0 0.0056017153 0.0 0.010015178 0.0014454568 0.0 0.0 0.0015477994 0.0 0.0 0.0038680444 0.0013625323 0.028245922 0.02459899 0.0009447802 0.008460735 0.0 0.0 0.0 0.006777883 0.0 0.015875038 0.0011726968 0.0 0.016857151 0.0049812845 0.013459078 0.0 0.0 0.0 0.008040322 0.0 0.00042633136 0.008782875 0.010588423 0.0 0.00991408 0.0027903253 0.0
uDB01151 0.0058144648 0.006077337 0.016630419 0.01607077 0.0 0.0 0.002544519 0.0 0.0064733187 0.0 0.0 0.0 0.0 0.0 0.011703448 0.0 0.00550787 0.006870997 0.009590283 0.0026000692 0.0018509484 0.0 0.008900913 0.0 0.007937948 0.0 0.003831436 0.0 0.007866419 0.004518353 0.0 0.0 0.0 0.0 0.0 0.0021717025 0.0030073856 0.022358874 0.018715035 0.0055708084 0.0063801436 0.0 0.0 0.0 0.007765322 0.0013254625 0.0083348155 0.00010459525 0.0 0.012783234 0.0029368598 0.008414688 0.0 0.0 0.0 0.0074416837 0.0 0.0022833508 0.009438138 0.010634652 0.0 0.012315873 0.0020032735 0.0
uDB00358 0.006976124 0.00685716 0.012890289 0.016324203 0.0 0.0 0.0017858248 0.0 0.0057120267 0.0 0.00077020377 0.0 0.0 0.0 0.012882522 0.0 0.0024506918 0.008413535 0.0073519973 0.0043958914 0.0038313759 0.0 0.003741886 0.0 0.004646793 0.0 0.002019581 0.0 0.008298931 0.0 0.0 0.0 0.00380813 0.0 0.0 0.004138102 0.00059964915 0.02018292 0.015827546 0.0030381957 0.0058149216 0.0 0.0 0.0 0.010982058 0.00046707556 0.01051017 0.0 0.0 0.0136510115 0.00025482045 0.0064717876 0.0 0.0 0.0 0.0035028956 0.0 0.0 0.008968411 0.010776883 0.0 0.012473701 0.006576396 0.0
uDB00594 0.007261019 0.010627465 0.020835951 0.020749418 0.0 0.0 0.0 0.0 0.0033500842 0.0 0.0029300128 0.0 0.0 2.9754545e-05 0.0124002695 0.0 0.00878266 0.005883132 0.0077749137 0.00212535 0.0059799463 0.0 0.014777146 0.0 0.0075195595 0.0 0.0019315643 0.0009227165 0.0027843388 0.0049123005 0.0 0.0 0.004679058 0.0007918103 0.0 0.00843879 0.003035033 0.030094659 0.021917803 0.013134465 0.00825507 0.0 0.0 0.0 0.0123542035 0.0 0.02226806 0.0 0.0 0.022004608 0.0035032085 0.0066254907 0.0008550776 0.0 0.0 0.0076100896 0.0 0.002802687 0.016003564 0.012212568 0.0 0.021976935 0.0073232874 0.0
uDB00564 0.0052930564 0.003285403 0.011145858 0.012472106 0.0 0.0 0.0 0.0 0.007068477 0.0 0.0006699555 0.0 0.0 0.0 0.008758203 0.0 0.0005746834 0.009324297 0.0050419783 0.00046596685 0.00063975924 0.0 0.006873036 0.0 0.006197477 0.0 0.005673635 0.0 0.004310889 0.0 1.356937e-06 0.0 0.0 0.0 0.0 0.002881174 0.004642428 0.020923385 0.018715683 0.00552383 0.00484456 0.0 0.0 0.0 0.0041990145 0.0 0.013178541 0.0 0.0 0.014476721 0.0018597561 0.004058388 0.0 0.0 0.0005695259 0.0070050433 0.0 0.0 0.0091771 0.006716866 0.0 0.0136102475 0.0017197444 0.0
uDB00280 0.013006546 0.009382324 0.018859323 0.022519067 0.0 0.0 0.0 0.0 0.004916871 0.0 0.0 0.0 0.00072327914 0.0 0.015974743 0.0 0.0036873117 0.008951588 0.008017795 0.003878888 0.004828976 0.0 0.007580327 0.0017953217 0.0076875435 0.0 0.012688237 0.0 0.01202647 0.002936048 0.0031561805 0.0 0.007291314 0.0032465924 0.0 0.004992814 0.003220192 0.032630406 0.023012687 0.009689122 0.016836038 0.000724437 0.0 0.0 0.012636192 0.0 0.01639789 0.00065968843 0.0 0.02262742 0.0016148762 0.0122672 0.0 0.0 0.0 0.0053324825 0.0 0.0032910388 0.010499958 0.015598102 0.0 0.016174683 0.0051418995 0.0
uDB00909 0.0037930983 0.0066082356 0.0110641 0.012944496 0.0 0.0 0.002018422 0.0 0.004344243 0.0 0.0014194553 0.0 0.0 0.0 0.010404442 0.0 0.0012461242 0.005615223 0.0062966347 0.0022370599 0.0068888585 0.0 0.0031687259 0.0 0.00757691 0.0 0.00025904633 0.0 0.004572101 0.0 0.0 0.0 0.0 0.0 0.0 0.0008810236 0.0019173253 0.021521559 0.013566723 0.0011869865 0.006428289 0.0 0.0 0.0 0.005995005 0.0019027388 0.010935166 0.0 0.0 0.008609741 0.0029546642 0.005168161 0.0 0.0 0.0 0.003417463 0.0 0.00091679586 0.008338638 0.009486636 0.0 0.0067750798 0.0046630893 0.0
uDB01086 0.0054248776 0.012259083 0.014370487 0.020111013 0.0 0.0 0.0 0.0 0.0046206345 0.0 0.0 0.0 0.0 0.0 0.0076332963 0.0 0.002135679 0.0015160057 0.0061304653 0.0047245696 0.0020395473 0.0 0.0058286157 0.0 0.009458844 0.0 0.0031410037 0.0 0.005627369 0.0 0.0 0.0 0.0 0.0 0.0 0.0 0.0042772493 0.025075702 0.01877749 0.0055457633 0.007207877 0.0 0.0 0.0 0.008760969 0.0 0.011049167 0.0 0.0 0.008472846 0.004712785 0.0045989114 0.002931261 0.0 0.0 0.0033473899 0.0 0.0057054353 0.00988308 0.008005248 0.0 0.017326854 0.0016581449 0.0
uDB00721 0.0035902911 0.017172338 0.010790665 0.024027126 0.0 0.0 0.0 0.0 0.0072696023 0.00023436155 0.004245082 0.0 0.0 0.0 0.014510344 0.0 0.0037900403 0.0032149737 0.013969677 0.003838134 0.0024820273 0.0 0.0042774403 0.0 0.013805454 0.0 0.0031321016 0.0 0.012997942 0.0026061493 0.0 0.0 0.0 0.0 0.0 0.0 0.0034062478 0.030025443 0.021634027 0.0023838799 0.01022472 0.0 0.0 0.0 0.012062596 0.0 0.012097396 0.0 0.0 0.0110061625 0.0037891236 0.007815408 0.00034203244 0.0 0.0 0.005431174 0.0 0.0066828257 0.009049045 0.008389832 0.0 0.009679239 0.0020001628 0.0
uDB00997 0.004896313 0.008577628 0.013078444 0.015944527 0.0 0.0 0.0033273608 0.0 0.004216466 0.0 0.0 0.0 0.0 0.0 0.008906563 0.0 0.0045163413 0.0023455252 0.0047936277 0.0022428448 0.001951699 0.0 0.0024485197 0.0 0.0063684164 0.0 0.0028924905 0.0 0.006362096 0.0 0.0 0.0 0.00073284464 0.0024005077 0.0 0.0 0.0050365683 0.020549988 0.013795863 0.003029219 0.0034747617 0.0 0.0 0.0 0.002547373 0.0 0.011103663 0.0011561526 0.0 0.007135236 0.0041074962 0.010162144 0.0 0.0 0.0 0.0029316107 0.0 0.0011874272 0.006432316 0.008938777 0.0 0.0076546627 0.0032807058 0.0
uDB01082 0.0075570084 0.0077523305 0.013781315 0.020682903 0.0 0.0 0.0039534084 0.0 0.0070915534 0.0 0.0 0.0 0.0 0.0 0.015115693 0.0 0.0051961984 0.0066662 0.011444844 0.0032068293 0.0037848707 0.0 0.005406654 0.0 0.0046665743 0.0 0.0015246972 0.0 0.00045722455 0.0020165308 0.0 0.0 0.006741264 0.0015367972 0.0 0.0073036053 0.0006072492 0.033850003 0.020861177 0.0061761052 0.01053612 0.0 0.0 0.0 0.010316256 0.0017258641 0.014525405 0.0 0.0 0.017569354 0.005199401 0.0054310765 0.0 0.00014403372 0.0 0.01077107 0.0 0.0 0.01513166 0.0133263245 0.0 0.012633819 0.0038361154 0.0
uDB01219 0.0039392277 0.006883933 0.0149415545 0.019203918 0.0 0.0 0.0 0.0 0.004217727 0.0 0.004705269 0.0 0.0 0.0 0.009881027 0.0 0.001464646 0.0018656264 0.00851197 0.0022469033 0.0070029832 0.0 0.004374399 0.0 0.0057244413 0.0 0.0 0.0 0.006450552 0.0051745106 0.0 0.0 0.0 0.0 0.0 0.009259278 0.0008677904 0.028743481 0.01470732 0.0049898797 0.008970958 0.0 0.0 0.0 0.008407081 0.0 0.011186244 0.0 0.0 0.0103228865 0.0031066886 0.005599619 0.0 0.0 0.0 0.0036244704 0.0 0.0029438373 0.01293174 0.009020444 0.0 0.011308307 0.008319267 0.0017954074
uDB00555 0.005346613 0.0041734576 0.010724228 0.014612259 0.0 0.0 0.0 0.0 0.004689962 0.0 0.0 0.0 0.0 0.0 0.007880555 0.0 0.0025502082 0.0029217694 0.0049535404 0.0 0.007004694 0.0 0.0030304273 0.0 0.0057504475 0.0 0.0 0.0 0.0059555904 0.0 0.0 0.0 0.0019415838 0.002857993 0.0 0.000700557 0.0008053802 0.020020878 0.014443775 0.0032642977 0.0048341057 0.0 0.0 0.0 0.0056989626 0.0021552518 0.008978424 0.0 0.0 0.0076272623 0.0025073995 0.0017670086 0.0 0.0 0.0 0.0036760964 0.0 0.0056404993 0.008266406 0.00941816 0.0 0.009201383 0.004532536 0.0
uDB00281 0.0038735166 0.005901194 0.012735847 0.016346017 0.0 0.0 0.0008252692 0.0 0.00818207 0.0 0.0 0.0 0.0 0.0 0.00895574 0.0 0.007416991 0.0034799466 0.009582576 0.0038100982 0.0008509158 0.0 0.007702278 0.0 0.009575779 0.0 0.004296861 0.0 0.009040559 0.0016951844 0.0 0.0 0.0 0.00020019764 0.0 0.0031176857 0.0041871006 0.025156198 0.020613246 0.003499086 0.0065376684 0.0 0.0 0.0 0.008515337 0.0 0.013330137 0.0 0.0 0.014154957 0.0013135062 0.005455124 0.0 0.0 0.0 0.008670406 0.0 0.000780409 0.008693972 0.007363233 0.0 0.015285055 0.0 0.0
uDB01121 0.0048143677 0.016866392 0.021838335 0.018217329 0.0 0.0 0.0024466056 0.0 0.0030326163 0.0 0.0 0.0 0.0 0.0 0.016267858 0.0 0.00090846384 0.007824412 0.00825738 0.005593455 0.0 0.0 0.006923549 0.0 0.008592565 0.0 0.007165222 0.0 0.0073433532 0.0 0.0 0.0 0.0028418675 0.0 0.0 0.004254935 0.0 0.025276463 0.02000054 0.016484657 0.010450782 0.0 0.0 0.0 0.011213065 0.0 0.015423336 0.0 0.0 0.018821659 0.0078197075 0.01221534 0.0 0.0 0.0 0.0004569725 0.0 0.0049835034 0.0029715537 0.015765384 0.0 0.011918586 0.0027604937 0.0
uDB00379 0.007779612 0.011557682 0.0155501785 0.017992575 0.0 0.0 0.0 0.0 0.0038646548 0.0 0.0036673662 0.0 0.0 0.0018704238 0.017363157 0.0 0.005829792 0.0019100349 0.0073965816 0.006811984 0.007209711 0.0 0.0065653156 0.0 0.010019776 0.0 0.001984004 0.0 0.0 0.0 0.0 0.0 0.0 0.005889684 0.0 0.0037723323 0.005690032 0.025176508 0.016470838 0.009127578 0.007757795 0.0 0.0 0.0 0.014062633 0.0 0.010025732 0.0 0.0 0.017320573 0.004471747 0.0052745426 0.0 0.0 0.0 0.00227078 0.0 0.0 0.016198315 0.008408124 0.0 0.013783703 0.006804365 0.0
uDB01202 0.006138373 0.009917555 0.025790818 0.022125963 0.0 0.0 0.000264176 0.0 0.010222587 0.0 0.0 0.0 0.0 0.0 0.012686417 0.0 0.0 0.0074780546 0.009029351 0.005061274 0.0020548927 0.0 0.008779351 0.0 0.015004429 0.0 0.0021327753 0.0035420344 0.006468476 0.0 0.0 0.0 0.0071716164 0.0 0.0 0.0064872005 0.0054006604 0.02489197 0.024441786 0.0122146215 0.0074305143 0.0 0.0 0.0 0.006992345 0.0 0.017880589 0.0 0.0 0.01803953 0.00082031835 0.0074389013 0.0 0.0 0.0 0.004362292 0.0 0.004727524 0.010738978 0.0070308545 0.0 0.019393368 0.0043290863 0.00086690095
uDB01161 0.009184104 0.012160612 0.018564375 0.0255814 0.0 0.0 0.0 0.0 0.0040952205 0.0 0.0 0.0 0.0 0.0 0.0145077575 0.0 0.0044513023 0.010030024 0.009127184 0.0074925018 0.0017283504 0.0 0.008632184 0.0 0.009634466 0.0 0.009057796 0.0 0.012148434 0.0 0.0 0.0 0.0019786665 0.0028278697 0.0 0.0030332846 0.005393694 0.030807612 0.02099322 0.0071868883 0.013850498 0.0 0.0 0.0 0.014884961 0.0 0.017258005 0.0013190133 0.0 0.02371812 0.010826947 0.009789913 0.0 0.0 0.0 0.004053498 0.0 0.00085016625 0.009286378 0.010226436 0.0 0.01335893 0.0063598864 0.0
uDB00961 0.00875464 0.013378476 0.023040863 0.030060923 0.0 0.0 0.0 0.0 0.004299409 0.0 0.0018965809 0.0 0.0 0.0 0.01217305 0.0 0.0042652343 0.0017971231 0.012220232 0.0065608514 0.0067717484 0.0 0.0116435895 0.0 0.01160742 0.0 0.0014601111 0.0026475745 0.014959109 0.009182987 0.0 0.0 0.0 0.0026903523 0.0 0.007494892 0.012323641 0.030600054 0.026820734 0.011964528 0.014542427 0.0 0.0 0.0 0.00992452 0.0 0.022578638 0.0 0.0012018919 0.02032793 0.010940105 0.0071926042 0.0031936006 0.0 0.0 0.0015722434 0.0 0.0035339782 0.008110637 0.0046656104 0.0 0.027434839 0.0 0.0
uDB00987 0.008849923 0.011422476 0.014110394 0.02501862 0.0 0.0 0.0025996647 0.0 0.0015762231 0.0 0.00015030825 0.0 0.0 0.0 0.014334416 0.0 0.008639271 0.00062947883 0.012167694 0.0021475095 0.0047605946 0.0 0.005416585 0.0 0.011640899 0.0 0.0062360163 2.8259537e-05 0.00818657 0.0 0.0 0.0 0.0 0.0020044434 0.0 0.0032545861 0.0006102732 0.025684206 0.019084442 0.006177728 0.01365623 0.0 0.0 0.0 0.010458159 0.0 0.012468704 0.0 0.0 0.015567309 0.005098157 0.0073213554 0.001550131 0.0 0.0 0.007149844 0.0 0.0040462236 0.0104806125 0.01352118 0.0 0.015519427 0.0050408565 0.0
uDB09085 0.0027514156 0.0063427817 0.008271673 0.013492441 0.0 0.0 0.0012614597 0.0 0.0027860152 0.0 0.0 0.0 0.0 0.0 0.0040248022 0.0 0.0014613472 0.0021987332 0.005155288 0.001490139 0.0019706935 0.0 0.003542364 0.00035202177 0.006698473 0.0 0.0028232904 0.0 0.0038000788 0.0005614426 0.0027035237 0.0 0.0 0.0 0.0 0.001170501 0.002648214 0.016478876 0.008316265 0.002808012 0.006534043 0.0 0.0 0.0 0.004685484 0.0 0.0066632265 0.0003489204 0.0 0.006912379 0.0026903097 0.003944989 0.0017583207 0.0 0.0 0.0016078632 0.0 0.0040713972 0.007707343 0.0053946227 0.0 0.0075865146 0.0058814795 0.0
uDB00750 0.00344193 0.0078580165 0.01335787 0.019713858 0.0 0.0 0.0014814276 0.0 0.0036853794 0.0 0.001143308 0.0 0.0 0.0 0.013561451 0.0 0.0 0.0048374035 0.012122344 0.0055137803 0.0 0.0 0.0061156345 0.00020775339 0.008601428 0.0 0.0050971997 0.0 0.0061155395 3.418303e-06 0.0 0.0 0.00019774675 0.0 0.0 0.0 0.006431098 0.022890985 0.017233005 0.005249343 0.010396321 0.0 0.0 0.0 0.009659906 0.0 0.013367894 0.0037101079 0.0 0.0106658805 0.0049189692 0.006266152 0.0 0.0 0.0 0.0039480473 0.0 0.00080149184 0.0044015464 0.0088703055 0.0 0.013145471 0.00097326044 0.0
uDB01002 0.0064192554 0.009890316 0.02081615 0.022166202 0.0 0.0 0.0 0.0 0.005942681 0.0 0.0 0.0 0.0 0.0 0.015723033 0.0 0.0069894134 0.009055359 0.011522772 0.0029679006 0.0026159075 0.0 0.014889485 0.002619823 0.011294712 0.0 0.0058539696 0.0 0.011495292 0.002183285 0.0 0.0 0.004334908 0.0043326705 0.0 0.008140432 0.0034418746 0.029420177 0.02311727 0.004658044 0.013076651 0.004631935 0.0 0.0 0.016776776 0.0009997876 0.013528288 0.001270259 0.0 0.024802892 0.004839703 0.007902735 0.0 0.0 0.0 0.0059006233 0.0 0.0020368702 0.0071922215 0.0076330397 0.0 0.015707366 0.0033245455 0.0
uDB00807 0.006924385 0.010863676 0.007986949 0.01671074 0.0 0.0 0.005717645 0.0 0.006259046 0.0 0.0028036444 0.0 0.0 0.000462359 0.015307596 0.0 0.005510004 0.007898616 0.004950523 0.006319216 0.0 0.0 0.007812119 0.0 0.010193495 0.0 0.0030862722 0.0 0.0049241413 0.0 0.0 0.0 0.0028034458 0.0004987254 0.0 0.0010974085 0.007422653 0.021550095 0.019082982 0.0029797112 0.0073911916 0.0 0.0 0.0 0.009401423 0.0 0.013853143 0.0 0.0 0.014289815 0.0009279287 0.0050710957 0.0 0.0 0.0 0.0027232612 0.0 0.0 0.013949143 0.009204256 0.0 0.0121928435 0.0042260857 0.0
uDB01228 0.0043640807 0.007376834 0.01533251 0.016608825 0.0 0.0 0.0 0.0 0.005962236 0.0 0.0027198065 0.0 0.0 0.0 0.014511818 0.0 0.0069340155 0.003389635 0.007485673 0.003680634 0.005790389 0.0 0.005628196 0.0 0.010244248 0.0 0.004075921 0.0 0.0069925026 0.0 0.0 0.0 0.0 0.0 0.0 0.0 0.004459101 0.02682288 0.021313615 0.0047320505 0.0056961183 0.0 0.0 0.0 0.013534875 0.0 0.016557518 0.0 0.0 0.01356201 0.0018293065 0.0052134655 0.0029755426 0.0 0.0 0.0 0.0 0.0008233984 0.017591681 0.010521778 0.0 0.01693987 0.004826169 0.0
uDB00296 0.007373126 0.0097269835 0.019159934 0.020094236 0.0 0.0 0.0015512384 0.0 0.0050815283 0.0 0.0 0.0 0.0 0.0 0.013699626 0.0 0.005165003 0.0072960746 0.010092594 0.0022130706 0.0011546604 0.0 0.008308269 0.0 0.0073621674 0.0 0.0043638954 0.0 0.00878467 0.0 0.0 0.0 0.005867495 0.0024502142 0.0 0.007055841 0.004034969 0.025088074 0.021543166 0.007423683 0.012276748 0.00177113 0.0 0.0 0.0069563007 0.0009333669 0.014225579 0.0 0.0 0.019938001 0.0010119601 0.006940121 0.0 0.0 0.0 0.00705389 0.0 0.00076764525 0.0031207798 0.011186838 0.0 0.017102698 0.0018164101 0.0
uDB00776 0.0058164587 0.009410009 0.025270639 0.029156666 0.0 0.0 0.0 0.0 0.008843456 0.0002454954 0.0 0.0 0.0 0.0 0.014694697 0.0 0.006996716 0.0071639866 0.012351509 0.0024180005 0.0010715366 0.0 0.006896556 0.0 0.012183525 0.0 0.0064071952 0.0 0.009704817 0.0026287488 0.0 0.0 0.0 0.0 0.0 0.008049466 0.0027360523 0.030442784 0.021553062 0.009683922 0.017543137 0.0 0.0 0.0 0.017665792 0.0 0.024279997 0.0 0.0 0.023162054 0.007675598 0.0069836737 0.0 0.0 0.0 0.005839476 0.0 0.0066008125 0.0030865585 0.016461268 0.0 0.016844448 0.008422219 0.0
uDB00754 0.007285361 0.016211053 0.019119998 0.025544185 0.0 0.0 0.0 0.0 0.00558582 0.0 0.0018253443 0.0 0.0 0.0 0.017527673 0.0 0.01173894 0.0051001823 0.01608072 0.006624619 0.0010565895 0.0 0.0042287204 0.0 0.02230633 0.0 0.012907331 0.0 0.012447004 0.0 0.0 0.0 0.0 0.0007841681 0.0 0.0016474113 0.005438133 0.033293817 0.018719029 0.010328565 0.011748329 0.0 0.0 0.0 0.012323891 0.0 0.014949886 0.0 0.00092061784 0.023504928 0.008961435 0.013207034 0.0010517365 0.0 0.0 0.004072311 0.0 0.004003243 0.0059369365 0.01371608 0.0 0.019697709 0.005702168 0.0
uDB00527 0.0090528345 0.010993259 0.022545757 0.023504676 0.0 0.0 0.0 0.0 0.005242402 0.0 0.0 0.0 0.00065101153 0.0 0.016928695 0.0 0.0037710692 0.007922564 0.008826308 0.004966773 0.0029049872 0.0 0.0064306227 0.0 0.008014974 0.0 0.011484786 0.00030787423 0.011208517 0.0014803357 0.0 0.0 0.0072642392 0.0044345777 0.0 0.0021677748 0.0008096051 0.029512187 0.021934874 0.01483253 0.015899522 0.0 0.0 0.0 0.01539512 0.0 0.018523103 0.0 0.0 0.020703925 0.0050021885 0.010128481 0.0 0.0 0.0 0.005594988 0.0 0.0068690656 0.0048080087 0.012316814 0.0 0.01781462 0.008036916 0.0
uDB00680 0.012813545 0.014533957 0.02473353 0.021261098 0.0 0.0 0.0 0.0 0.0031498312 0.0 0.0009948851 0.0 0.0 0.0 0.015347317 0.0 0.011745307 0.010060461 0.013542172 0.0 0.0088844905 0.0 0.017319463 0.0 0.00955591 0.0 0.0044913352 0.0045143208 0.008883059 0.002949865 0.0 0.0 0.0025037806 0.004281479 0.0 0.009137429 0.0048766425 0.026655456 0.019221913 0.01501278 0.013694602 0.0 0.0 0.0 0.011380855 0.0 0.025317382 0.00410208 0.0 0.02359348 0.010099426 0.011425953 0.0 0.0 0.0012631349 0.01046828 0.0 0.001078794 0.01027507 0.018208778 0.0 0.01738915 0.009563448 0.0
uDB01056 0.006449733 0.008558131 0.008151729 0.016368689 0.0 0.0 0.003302338 0.0 0.008363822 0.0 0.0030716418 0.0 0.0 0.0 0.01213256 0.0 0.0028064998 0.0038115894 0.0014753459 0.0044584633 0.0009888753 0.0 0.0050905347 0.000787877 0.010301115 0.0 0.0015608389 0.0 0.0062167062 0.0 0.0 0.0 0.0029960566 0.0034804079 0.0 0.0 0.0024899084 0.020127019 0.016426202 0.00080282567 0.0055014766 0.0 0.0 0.0 0.008115359 0.0 0.0116683105 0.0 0.0 0.0107116755 0.0023409836 0.005054123 0.0016419399 0.0 0.0 0.003344243 0.0 0.00041007745 0.010908395 0.007086845 0.0 0.009697001 0.0029224735 0.0
uDB00892 0.0052598165 0.009677413 0.015260724 0.02068197 0.0 0.0 0.0006406445 0.0 0.0023076977 0.0 0.0 0.0 0.0 0.0 0.011213358 0.0 0.0042554443 0.0032976004 0.007044022 0.0044992235 0.0038755361 0.0 0.007911503 0.0 0.012119721 0.0 0.0020451946 0.0 0.005751003 0.0 0.0 0.0 0.0047786674 0.0005679541 0.0 0.00012358153 0.003225271 0.024648719 0.017410813 0.0076565626 0.0037871609 0.0 0.0 0.0 0.010025237 0.0 0.013055797 0.0 0.0 0.0076183467 0.002021457 0.00796508 0.0030704234 0.0 0.0 0.0031112158 0.0 0.0042679277 0.009605866 0.009335365 0.0 0.017272288 0.004770173 0.0010124448
uDB00543 0.0031744738 0.008382251 0.015118533 0.016644083 0.0 0.0 0.0025979069 0.0 0.0065618125 0.0 0.0004762828 0.0 0.0 0.0 0.010271197 0.0 0.0032946554 0.007851342 0.008369494 0.0023874866 0.0 0.0 0.013277248 0.0 0.0051221363 0.0 0.0031778556 0.0 0.0063202824 0.00024360826 0.0 0.0 0.0017278411 0.0 0.0 0.0023236834 0.0011699161 0.016683554 0.017105853 0.005510961 0.009609161 0.0 0.0 0.0 0.011119388 0.0 0.01230868 0.00080021756 0.0 0.012943517 0.004825979 0.009277603 0.0019775708 0.0 0.0 0.0060761473 0.0 0.0019880868 0.0076608094 0.007720414 0.0 0.014042975 0.0021479623 0.0
uDB00579 0.003279262 0.008528924 0.009973701 0.01816964 0.0 0.0 0.0004455627 0.0 0.0053364397 0.0 0.0004449772 0.0 0.0 0.0 0.013321786 0.0 0.0022251369 0.0046778712 0.009777999 0.0014009705 0.0015988793 0.0 0.002739645 0.0 0.007624473 0.0 0.0032883887 0.0 0.0058647725 0.0 0.0 0.0 0.0 0.0 0.0 0.0045806146 0.0035818995 0.021572594 0.013317677 0.0027749804 0.01277996 0.0 0.0 0.0 0.008204937 0.0 0.011532275 0.0031850012 0.0 0.009398295 0.00029899925 0.007913314 0.0 0.0 0.0 0.0061691445 0.0 0.0 0.006559756 0.005982357 0.0 0.0070526567 0.006000811 0.0
uDB00726 0.006845029 0.0028638637 0.012179498 0.01429144 0.0 0.0 0.0011436278 0.0 0.0055473945 0.0 0.0 0.0 0.00035036376 0.0 0.009007269 0.0 0.0022024692 0.0035113702 0.007910691 0.0012840497 0.005217599 0.0 0.004281487 0.0 0.005921129 0.0 0.0011299567 0.0 0.0075712376 0.0 0.0 0.0 0.0038030036 0.0 0.0 0.0011606362 0.0 0.018821465 0.01443454 0.0005071736 0.006946755 0.0 0.0 0.0 0.0071702776 0.00044665235 0.009562789 0.0 0.0 0.01051753 0.0010868319 0.006095845 0.0 0.0 0.0 0.006774658 0.0 0.0042507937 0.007744325 0.009474218 0.0 0.008213833 0.007613216 0.0
uDB00226 0.0063897995 0.012035529 0.01591114 0.01541616 0.0 0.0 0.0039960584 0.0 0.011232906 0.0 0.0013782396 0.0 0.0 0.0 0.018409777 0.0 0.0 0.0134413 0.009095432 0.0017343587 0.0061115357 0.0 0.008531962 0.0 0.006911132 0.0 0.0021433998 0.0 0.008417116 0.000435362 0.0 0.0 0.0012028092 0.0 0.0 0.004788673 0.008047404 0.024601694 0.02315464 0.011289891 0.00924427 0.00049626786 0.0 0.0 0.008175214 0.0016696304 0.014466981 0.00095518917 0.0 0.013091985 0.00551271 0.0027024169 0.0 0.0 0.0 0.0062065194 0.0 0.0014957534 0.009305481 0.005359775 0.0 0.010694169 0.0046200855 0.0
uDB00217 0.0071474677 0.012093273 0.011954284 0.02235194 0.0 0.0 0.004461421 0.0 0.0037323013 0.0 0.0 0.0 0.0 0.0 0.008461659 0.0 0.007405408 0.0075761243 0.00743256 0.0024686228 0.0 0.0 0.008744307 0.00012593903 0.0068153036 0.0 0.004507736 0.0 0.011160003 0.00033614913 0.0 0.0 0.0013320055 0.0012534183 0.0 0.0021169735 0.002192462 0.021153552 0.016686512 0.0040940302 0.010393223 0.0 0.0 0.0 0.008421319 0.0 0.01229767 0.0 0.0 0.01641562 0.005769714 0.007130837 0.0 0.0 0.0 0.0048129507 0.0 0.006497582 0.008777395 0.01008473 0.0 0.014467852 0.002369734 0.0
uDB01170 0.0081792725 0.011089403 0.015352085 0.021107968 0.0 0.0 0.0 0.0 0.0 0.0 0.0035991308 0.0 0.0 0.0 0.008244893 0.0 0.004634839 0.0022072159 0.01119169 0.0036507526 0.005954955 0.0 0.0073483903 0.0 0.007565486 0.0 0.005027794 0.0 0.0038889628 0.0 0.0 0.0 0.0011509596 8.51786e-05 0.0 0.0071290815 0.0 0.026331058 0.01891334 0.004530164 0.014916214 0.0 0.0 0.0 0.009841458 0.0 0.013289711 0.0016930746 0.0 0.018760677 0.0024564392 0.0052994816 0.0 0.0 0.0 0.005581043 0.0 0.0034760742 0.0070753084 0.016807957 0.0 0.011841666 0.004024486 0.0
uDB00934 0.0058120443 0.0016973822 0.010962069 0.012562204 0.0 0.0 9.891583e-05 0.0 0.0058986386 0.0 0.0 0.0 0.0 0.0 0.0079946285 0.0 0.00032537585 0.005095603 0.003761448 0.0031609768 0.0016835197 0.0 0.004202075 0.0 0.0053920737 0.0 0.0018179751 0.0 0.0039931852 0.0 0.0 0.0 0.0033324033 0.0 0.0 0.0 0.0 0.015626894 0.0131104635 0.004775036 0.006272023 0.00041557482 0.0 0.0 0.008590548 0.0 0.0075841197 0.0 0.0 0.0076156883 0.0008875282 0.0022738767 0.0008458051 0.0 0.0 0.004254271 0.0 0.005122163 0.006689952 0.007107475 0.0 0.011128495 0.0046333657 0.0008585867
uDB00422 0.0058102394 0.023488875 0.021785783 0.037303552 0.0 0.0 0.00033318886 0.0 0.008509892 0.0 0.0 0.0 0.0 0.00012388146 0.016109334 0.0 0.0029402364 0.0018006307 0.023846827 0.0067938752 0.003461951 0.0 0.012162467 0.0 0.014534116 0.0 0.0039276807 0.0 0.020673731 0.0 0.0 0.0 0.0 0.0 0.0 0.0041839215 0.0036414384 0.03807094 0.021767398 0.0044215876 0.01855589 0.0 0.0 0.0 0.0038799741 0.0 0.021972068 0.0027540922 0.0 0.018202892 0.0 0.010191004 0.006449573 0.0 0.0 0.005112265 0.0 0.005577764 0.012153432 0.010387139 0.0 0.021156522 0.0059834276 0.0
uDB00191 0.005245873 0.0041491985 0.008298757 0.0100733945 0.0 0.0 0.0018534274 0.0 0.0030808887 0.0 0.0 0.0 0.0 0.0 0.0060155457 0.0 0.0026272598 0.0050534545 0.004317862 0.0019231822 0.0025574565 0.0 0.004077216 0.0 0.003680135 0.0 0.0023939298 0.0 0.004964042 0.0 0.0 0.0 0.002512713 0.0 0.0 0.0013993322 0.0027117028 0.016441168 0.011683503 0.0027498654 0.005502604 0.002480868 0.0 0.0 0.00425391 0.0 0.007919414 0.0013180894 0.0 0.008365343 0.0019498878 0.0030289935 0.0 6.295441e-05 0.0 0.004615099 0.0 0.002320634 0.0057874233 0.004781799 0.0 0.0075056306 0.004400799 0.0
uDB01104 0.0018441335 0.009155132 0.00926974 0.0132911615 0.0 0.0 0.00093252753 0.0 0.0045344904 0.0 0.0023240151 0.0 0.0 0.0 0.007762541 0.0 0.001067562 0.0032228036 0.005447493 0.0034010005 0.002348765 0.0 0.0054163206 0.0 0.005785115 0.0 0.0 0.0 0.0042467853 0.0 0.0 0.0 0.0 0.00012734284 0.0 0.0006403461 0.0032065026 0.014974734 0.0088796215 0.0023943451 0.0058578863 0.0 0.0 0.0 0.0065256576 0.0 0.009621951 0.0033583539 0.0 0.0061744587 0.000873829 0.0068730502 0.0013352854 0.0 0.0 0.00034766737 0.0 0.0 0.0068818834 0.002264184 0.0 0.0076480033 0.004677957 0.0
uDB00715 0.0058609312 0.0071261646 0.009544097 0.018040955 0.0 0.0 0.005289513 0.0 0.0058021257 0.0 0.001565696 0.0 0.0020771238 0.0 0.0125643425 0.0 0.0038902538 0.016381167 0.008020252 0.0006732469 0.0032526862 0.0 0.008404431 0.0031699282 0.0061091604 0.0 0.0 0.0 0.0083077755 0.003088662 0.0 0.0 0.000593767 0.0016224787 0.0 0.0071961638 0.0020842522 0.025208157 0.021913644 0.0 0.0071602454 0.0 0.0 0.0 0.007956158 0.0 0.018183164 0.00640878 0.0 0.015430314 0.0020705182 0.012521858 0.0 0.0 0.0 0.008354185 0.0 0.0 0.012453759 0.014746679 0.0 0.0048414515 0.0036555626 0.0
uDB01025 0.006399134 0.010061614 0.011198778 0.016020076 0.0 0.0 0.001508513 0.0 0.008331798 0.0 0.0036011708 0.0 0.0 0.0 0.01254354 0.0 0.0047717546 0.006111684 0.0043860786 0.0042490284 0.00025177642 0.0 0.0062488383 0.0 0.007833694 0.0 0.0047083627 0.0 0.0070961714 0.0008575473 0.0006555123 0.0 0.0 0.0022936063 0.0 0.0 0.0026965968 0.021356149 0.016278848 0.002135924 0.009432147 0.0 0.0 0.0 0.006761313 0.0 0.012069153 0.0 0.0 0.01234601 0.0009303823 0.0063285776 0.0 0.0 0.0 0.004145848 0.0 0.0 0.0105663035 0.011333888 0.0 0.0076210774 0.002258989 0.0
uDB01023 0.0035461767 0.007247511 0.013448602 0.015609606 0.0 0.0 0.0 0.0 0.0047595757 0.0 0.002333404 0.0 0.0 0.0 0.010246995 0.0 0.0008080775 0.0039333412 0.009261909 0.003273479 0.0023273195 0.0 0.0045162383 0.0 0.0055710133 0.0 0.0032797973 0.0 0.006438137 0.00016527751 0.0 0.0 0.0 0.0013697605 0.0 0.0022363786 0.0028068337 0.02020658 0.013516267 0.004799775 0.007974258 0.0 0.0 0.0 0.0067034685 0.0 0.0094524035 0.0012526358 0.0 0.00891096 0.002344286 0.0057484307 0.00054755394 0.0 0.0 0.0056246584 0.00011140386 0.0027250838 0.008376561 0.006960678 0.0 0.008940242 0.0039645894 0.0
uDB00381 0.0041273064 0.0077489326 0.008056292 0.014447926 0.0 0.0 0.00092089287 0.0 0.0033728946 0.0 0.0 0.0 0.0 0.0 0.008440242 0.0 0.00021926747 0.009040313 0.0059439815 0.0 0.00054663105 0.0 0.0071117366 0.0 0.003030506 0.0 0.001994053 0.0 0.0060920157 0.0014618322 0.0 0.0 0.001909469 0.002473428 0.0 0.0034748232 0.0030911982 0.025325013 0.016231872 0.0028411357 0.007107337 0.0 0.0 0.0 0.007825837 0.000934389 0.010837498 0.0012635456 0.0 0.012965001 0.0030184253 0.0034927295 0.0 0.0 0.0 0.004359508 0.0 0.0044159666 0.0056442083 0.007295546 0.0 0.01084722 0.005517309 0.0
uDB00270 0.0020467462 0.013104435 0.015049936 0.021788586 0.0 0.0 0.0 0.0 0.007469191 0.0 0.0030524763 0.0 0.0 0.0 0.011581551 0.0 0.0018080749 0.0018364801 0.012074625 0.0047068526 0.0026416096 0.0 0.0063419202 0.0 0.013609245 0.0 0.0061302483 0.0 0.012762901 0.0 0.0 0.0 0.0 0.0 0.0 0.0 0.0036264982 0.025833916 0.01937842 0.00415263 0.007168808 0.0 0.0 0.0 0.009894956 0.0 0.011877975 0.0 0.0 0.0103624305 0.007402533 0.0065839645 0.0053525805 0.0 0.0 0.00785566 0.0 0.006340175 0.009610809 0.0065821554 0.0 0.013968861 0.00571914 0.0
uDB00393 0.0076047555 0.007675347 0.011654658 0.019291764 0.0 0.0 0.0 0.0 0.0030482612 0.0 0.0 0.0 0.0 0.0 0.009629814 0.0 0.008627092 0.0036747335 0.0047727264 0.0010171988 0.0 0.0 0.001378808 0.0 0.008161607 0.0 0.006429758 0.0 0.0084390305 0.0 0.0018089977 0.0 0.002318382 0.0029184422 0.0 0.0019542084 0.0008014393 0.023766687 0.016862284 0.0012773965 0.0073271673 0.0 0.0 0.0 0.008225183 0.0 0.009550277 0.0 0.0 0.008410473 0.0007926184 0.009850522 0.0 0.0 0.0 0.005435291 0.0 0.0015984236 0.0059889923 0.01550586 0.0 0.009517567 0.0 0.0
uDB00617 0.008059922 0.0073705064 0.012939939 0.014822397 0.0 0.0 0.0 0.0 0.00960592 0.0 0.0 0.0 0.0 0.0 0.015615944 0.0 0.0059674084 0.0062619974 0.0041616014 0.0021503682 0.007782671 0.0 0.00391424 0.0 0.013459211 0.0 0.0 0.0 0.0037576929 0.0 0.0 0.0 0.0 0.0 0.0 0.0020739585 0.0 0.026148371 0.021109048 0.010127794 0.0154599575 0.0 0.0 0.0 0.012610915 0.0 0.01437375 0.0 0.00087583635 0.018834645 0.0 0.005298905 0.0 0.0 0.0 0.00096515147 0.0 0.0 0.011636371 0.009943992 0.0 0.015107925 0.0058971713 0.0
uDB00593 0.0012369707 0.0035220098 0.011362493 0.012091277 0.0 0.0 0.0 0.0 0.0024143565 0.0 0.0 0.0 0.0 0.0 0.008877653 0.0 0.0027403615 0.006436616 0.0040484583 9.862901e-05 0.0055904156 0.0 0.0076416214 0.0 0.007454763 0.0 0.0 0.0 0.0050448356 0.00066906994 0.0 0.0 0.0008518793 0.0016440979 0.0004416356 0.0 0.001040331 0.027141105 0.016642112 0.0023335442 0.0040440834 0.0 0.0 0.0 0.00474792 0.0010964461 0.010475795 0.0 0.0 0.0104765585 0.003693935 0.005288096 7.781389e-05 0.0 0.0 0.00724595 0.0 0.003691422 0.00907862 0.009989869 0.0 0.014186287 0.009242236 0.0
uDB00347 0.0058832625 0.008930992 0.015667608 0.021880016 0.0 0.0 0.00437565 0.0 0.009266391 0.0 0.0 0.0 0.0 0.0 0.012490727 0.0 0.0017262452 0.0033392364 0.013925524 0.004324619 0.0022837338 0.0 0.0034052883 0.0 0.008518925 0.0 0.0042992723 0.0015845681 0.011636733 0.0 0.0 0.0 0.0031026676 0.0 0.0 0.004689987 0.0016347178 0.02162557 0.015199463 0.0045094234 0.013839188 0.0005593154 0.0 0.0 0.011255175 0.0 0.012312564 0.0 0.0 0.009943241 0.0035310506 0.007934935 0.0 0.0 0.0 0.004794245 0.0 0.0025358049 0.0068698614 0.0078738965 0.0 0.008949733 0.001998209 0.0
uDB01244 0.0057620117 0.007177583 0.018275497 0.024760237 0.0 0.0 0.0 0.0 0.0074900775 0.0 0.0020726956 0.0 0.0 0.0 0.012604459 0.0 0.0036302616 0.0023095354 0.014511116 0.006082107 0.0 0.0 0.010197924 0.0 0.009630155 0.0 0.0054061525 0.0 0.008419012 0.00052593125 0.0 0.0 0.0019536493 0.0 0.0 0.0053251414 0.0038938017 0.028750049 0.019448083 0.0059037614 0.01543807 0.0 0.0 0.0 0.009762848 0.0 0.014283582 0.0 0.0 0.019734599 0.0049473974 0.005621553 0.0 0.0 0.0 0.009399941 0.0 0.0 0.011804942 0.010937577 0.0 0.01889326 0.0 0.0
